-2.280 -28.001 -65.109
-21.331 -1.853 -67.114
-21.859 17.273 -64.581
-13.598 30.970 -62.482
-3.272 45.604 -58.760
8.175 56.700 -52.354
19.469 67.259 -42.530
32.782 75.731 -27.509
44.377 84.730 3.112
36.840 76.205 31.695
22.407 67.158 50.311
9.525 57.949 61.244
-0.713 46.041 69.254
-8.117 34.935 73.226
-13.939 20.223 77.034
-15.819 -1.046 81.391
-0.355 -26.638 79.156
23.756 -42.407 -49.833
31.907 -47.082 -41.817
37.201 -50.465 -31.172
41.541 -49.604 -18.742
43.917 -46.375 -8.254
45.159 -47.912 23.037
44.262 -52.536 31.055
40.484 -54.706 42.350
35.954 -53.169 52.519
29.630 -48.006 61.011
45.994 -27.643 6.875
52.454 -13.883 6.744
61.097 -1.299 6.182
67.779 10.357 4.439
47.367 22.032 -11.407
53.354 24.743 -3.572
54.790 26.768 4.698
54.059 25.081 13.270
48.877 23.992 20.853
35.334 -25.985 -37.702
42.495 -27.206 -28.899
40.752 -26.473 -20.246
39.279 -24.528 -13.749
41.548 -25.329 -22.129
40.821 -25.720 -30.721
37.939 -24.912 27.501
41.061 -27.593 32.354
40.392 -28.502 41.604
40.323 -26.834 45.059
39.989 -24.316 42.417
40.117 -23.981 32.602
43.313 40.781 -17.063
52.702 36.661 -9.630
57.142 34.533 -2.285
58.560 34.440 5.140
57.462 34.720 10.875
52.864 38.347 19.907
43.479 43.658 27.974
50.987 51.692 19.582
54.898 53.838 10.561
56.031 53.305 3.632
54.920 51.426 -3.259
50.080 48.629 -11.320
46.679 42.451 -12.473
56.074 39.586 -2.665
57.662 40.069 4.700
56.115 40.691 11.457
46.186 43.677 22.606
54.861 46.071 10.495
55.431 45.267 3.801
54.699 44.760 -2.889
25.072 -99.344 7.367
46.569 -41.350 7.087
