6.305 -35.324 -64.181
-18.541 -4.788 -70.266
-18.018 11.819 -67.552
-12.769 24.076 -65.547
-4.582 37.789 -62.633
8.177 49.610 -56.722
21.641 61.070 -46.821
36.111 69.464 -30.125
50.224 78.065 1.912
32.955 69.100 36.698
21.246 60.596 51.587
9.191 50.448 61.650
0.189 37.541 68.644
-7.443 24.178 72.298
-16.407 12.507 75.166
-16.061 -4.699 78.278
5.222 -34.462 72.992
26.473 -55.498 -47.690
30.134 -59.959 -41.328
34.963 -60.972 -31.135
38.502 -60.031 -18.660
40.424 -55.188 -9.793
41.779 -57.076 15.660
40.864 -61.980 23.743
36.904 -65.072 36.757
31.496 -63.150 48.940
25.734 -57.400 57.408
43.124 -36.571 4.478
50.868 -23.201 4.475
59.559 -11.776 4.109
67.047 -0.811 2.971
46.958 12.833 -13.287
52.919 15.522 -5.009
54.168 16.628 2.530
54.022 15.515 11.304
49.492 13.290 18.718
35.972 -36.858 -35.789
37.421 -38.379 -32.610
38.480 -38.625 -22.497
33.732 -34.217 -17.700
36.005 -34.174 -21.910
35.325 -35.094 -32.187
35.012 -34.677 25.553
37.710 -38.172 30.413
38.052 -39.610 39.443
35.168 -36.727 43.882
36.258 -34.439 39.989
35.947 -34.328 31.838
39.482 34.942 -23.500
50.662 25.454 -14.163
56.442 24.257 -5.603
58.196 24.343 2.584
57.392 23.930 10.108
52.320 26.190 19.369
39.176 35.504 31.398
48.816 45.797 20.720
53.916 48.463 11.076
54.637 49.408 2.326
53.726 48.121 -6.590
49.031 45.001 -15.325
37.964 34.614 -19.924
55.585 29.143 -5.427
57.618 29.784 2.533
56.509 29.467 10.699
37.440 35.512 27.031
51.203 42.326 11.055
51.581 41.822 2.307
51.613 41.576 -5.841
18.046 -108.093 4.932
42.621 -49.590 4.001
