0.224 -45.062 -68.470
-34.936 -22.789 -75.785
-34.072 -4.991 -73.783
-26.972 11.350 -71.940
-16.767 27.144 -68.200
-2.405 39.613 -59.312
16.437 52.042 -45.187
32.843 60.885 -32.028
43.875 65.157 -4.289
36.680 59.536 23.142
18.790 50.774 40.956
6.157 38.918 55.775
-5.999 25.321 67.104
-15.438 10.816 72.057
-22.413 0.517 74.542
-22.064 -16.279 78.158
8.754 -48.286 69.831
22.328 -61.038 -56.695
29.554 -68.752 -49.259
36.537 -73.201 -39.411
43.640 -72.430 -26.995
46.724 -68.873 -14.688
47.019 -69.541 7.952
47.687 -73.959 22.284
42.161 -74.845 37.804
33.292 -71.016 50.782
31.981 -64.948 54.262
42.623 -50.826 -1.433
49.781 -37.891 -3.411
58.040 -27.340 -4.944
64.568 -16.480 -6.364
43.626 -1.420 -22.551
49.978 1.213 -14.865
52.172 2.027 -4.659
51.979 1.066 3.959
47.609 -0.367 13.065
32.022 -47.447 -41.205
37.940 -50.043 -33.767
37.250 -49.466 -24.958
34.355 -48.546 -19.788
36.627 -48.726 -26.189
35.728 -48.042 -34.937
34.311 -47.295 20.319
37.604 -52.546 25.459
38.676 -51.364 35.512
33.989 -49.234 41.027
35.827 -46.847 35.945
35.893 -46.775 25.283
38.847 24.667 -27.957
49.648 16.596 -22.138
56.716 10.886 -12.952
59.123 11.978 -5.508
58.074 10.791 0.800
53.959 15.290 10.786
42.690 25.296 20.210
47.765 29.370 11.017
51.854 30.691 1.703
51.742 30.700 -5.821
51.619 30.096 -12.086
47.514 29.847 -20.643
40.533 23.924 -24.883
49.803 22.665 -12.045
50.197 22.589 -4.726
54.153 18.651 1.129
43.781 24.520 17.032
49.374 22.347 1.999
55.067 18.869 -5.380
51.766 19.079 -12.215
32.905 -114.535 -1.571
45.967 -66.416 -1.419
