-18.730 55.467 895.771
1.707 59.442 929.331
20.757 56.910 930.462
35.452 53.104 925.049
50.048 48.183 914.651
65.438 40.025 905.972
74.803 29.663 895.709
88.542 6.622 884.558
94.400 -21.540 877.309
85.817 -52.806 888.252
70.929 -74.570 901.967
60.284 -83.630 911.685
47.148 -90.387 920.708
32.879 -94.583 928.605
19.602 -96.903 934.574
-1.470 -98.402 933.481
-22.699 -91.978 891.742
-30.061 43.540 878.024
-38.910 34.693 867.326
-41.512 23.839 859.422
-40.860 8.753 853.922
-37.260 -6.067 852.401
-38.314 -30.000 851.574
-42.819 -44.033 852.819
-43.337 -58.612 857.232
-38.729 -73.477 866.658
-31.904 -81.927 877.939
-21.483 -20.313 856.162
-9.046 -20.574 850.016
4.317 -20.033 842.818
18.257 -20.031 836.644
31.546 -3.910 860.516
33.475 -10.942 855.742
34.110 -20.472 853.796
33.475 -27.461 853.989
32.029 -34.592 859.137
-17.353 25.796 865.845
-19.259 20.190 861.064
-18.926 8.118 860.762
-17.353 4.942 863.052
-15.859 9.366 861.012
-15.447 20.825 862.766
-19.008 -41.439 862.668
-21.165 -45.279 858.221
-22.198 -58.593 860.762
-20.529 -62.188 864.574
-17.988 -58.636 862.668
-17.351 -45.878 860.513
58.254 3.671 864.442
49.994 -3.953 852.900
45.547 -12.213 848.419
46.182 -20.472 846.371
45.502 -25.422 847.268
48.723 -35.721 852.173
56.348 -43.980 865.977
62.740 -36.319 857.157
64.202 -27.498 850.891
64.118 -20.472 849.961
64.324 -12.841 850.547
63.336 -3.318 856.133
56.983 0.494 861.752
51.671 -12.848 851.232
51.265 -19.837 846.984
51.423 -25.957 849.095
56.962 -41.439 864.574
57.011 -26.545 851.082
56.983 -20.472 850.071
57.618 -12.848 850.668
-93.600 -17.930 870.592
-31.296 -18.566 853.123
