3.425 -24.159 -65.904
-26.811 2.297 -72.381
-27.665 19.216 -68.365
-19.110 30.589 -63.063
-7.317 44.012 -55.413
3.823 56.375 -44.596
16.947 66.572 -29.555
28.766 74.723 -13.742
31.488 81.270 8.355
24.586 75.024 35.743
15.119 65.073 50.124
4.440 54.497 62.313
-3.411 43.499 70.308
-11.516 29.919 76.732
-19.309 16.849 81.458
-19.310 -0.894 84.377
4.774 -26.035 78.950
22.832 -43.297 -52.428
31.098 -48.473 -45.065
38.682 -53.042 -32.691
43.446 -51.863 -17.864
43.956 -46.077 -8.847
43.917 -48.102 20.392
42.231 -51.391 31.943
37.523 -51.466 46.642
30.821 -47.909 57.811
24.188 -42.554 64.244
43.541 -27.311 8.824
49.984 -15.906 8.506
57.007 -6.023 8.743
62.492 2.927 9.308
39.272 16.617 -7.975
44.069 19.171 -1.522
48.267 20.207 8.935
45.978 18.888 18.148
39.129 16.402 25.528
28.678 -23.510 -39.537
34.769 -22.792 -32.299
36.864 -23.449 -21.713
34.528 -24.046 -14.767
35.858 -22.113 -22.278
32.834 -21.383 -33.444
34.461 -23.998 29.195
35.916 -22.821 35.825
35.164 -22.924 45.082
29.809 -23.874 52.438
33.271 -21.587 45.661
34.927 -21.945 35.732
36.367 41.072 -13.513
45.947 32.250 -6.198
50.826 28.543 2.347
52.752 29.172 9.391
51.900 27.853 15.182
45.927 31.716 25.112
36.134 38.738 31.529
41.817 43.061 24.703
47.571 47.905 15.869
49.117 48.381 8.634
48.424 47.935 2.510
43.254 44.256 -6.541
37.106 40.321 -11.202
47.412 34.926 2.412
50.335 34.724 8.938
48.284 35.211 15.344
37.686 38.665 28.641
45.961 39.059 15.561
47.023 39.162 9.003
46.961 38.856 2.061
34.568 -90.817 8.008
44.640 -42.395 8.497
