12.508 -44.425 -67.467
-19.131 -20.156 -73.165
-21.496 2.533 -69.737
-13.075 15.985 -66.293
-5.931 28.002 -62.242
7.411 39.318 -55.365
20.286 49.225 -42.820
34.396 58.412 -19.924
40.871 64.391 5.376
29.343 57.888 34.733
15.864 48.858 55.318
3.780 38.552 66.747
-4.902 26.157 74.233
-14.518 14.477 78.807
-21.672 1.046 82.107
-22.356 -19.204 84.652
6.706 -45.622 81.982
35.657 -64.416 -49.148
40.852 -69.795 -42.263
46.515 -71.810 -31.583
48.888 -70.553 -19.878
49.498 -66.646 -5.107
49.657 -66.888 19.027
49.738 -70.268 29.971
47.777 -73.164 40.359
42.031 -71.573 53.048
36.743 -66.008 61.151
50.976 -46.588 6.371
60.257 -35.609 6.761
66.486 -24.423 7.013
72.391 -14.294 7.077
50.584 1.506 -10.443
54.564 2.459 -3.880
56.956 3.060 6.019
55.890 2.671 13.915
50.525 1.383 21.456
38.875 -44.763 -40.215
44.839 -43.364 -31.987
45.508 -44.900 -22.234
42.928 -45.526 -15.442
43.890 -42.920 -23.520
43.339 -42.421 -32.816
42.569 -45.363 25.354
44.245 -43.157 33.981
45.189 -44.319 42.665
38.766 -43.617 52.523
42.871 -42.856 44.475
44.199 -43.164 33.363
45.108 26.125 -22.320
59.453 18.713 -9.090
62.768 15.049 -1.501
64.055 15.493 5.223
63.147 15.052 11.087
57.948 20.002 21.313
44.904 26.291 32.585
51.345 33.241 21.308
58.529 34.812 11.623
59.738 34.480 4.219
58.928 34.620 -2.112
56.066 33.262 -8.717
44.488 26.595 -18.167
60.619 20.846 -2.321
63.060 22.015 4.489
61.381 21.697 11.340
45.445 25.503 29.006
57.645 27.554 11.529
59.115 27.339 4.965
57.689 26.933 -1.790
25.049 -124.576 5.411
48.924 -60.071 7.016
