4.185 -24.280 -65.974
-19.491 3.252 -70.599
-19.658 22.900 -67.185
-12.797 35.103 -64.639
-6.920 50.411 -61.258
6.923 62.255 -54.227
18.727 73.150 -44.270
35.048 81.778 -26.526
45.931 87.787 3.366
36.013 80.453 30.953
19.697 72.457 48.190
8.493 60.504 59.863
-3.577 49.641 67.152
-14.195 37.553 71.424
-20.190 22.958 74.808
-20.198 5.314 77.636
7.113 -23.044 72.433
23.952 -46.800 -50.496
29.749 -51.191 -43.096
36.004 -53.524 -31.143
40.979 -51.731 -17.796
42.687 -45.763 -9.625
44.009 -46.528 15.203
42.777 -51.440 25.174
39.128 -54.021 36.864
32.054 -53.476 49.964
22.771 -48.253 59.736
43.459 -28.259 4.608
47.315 -15.356 4.081
56.288 -2.626 4.398
66.269 12.436 3.329
46.929 27.000 -12.634
52.386 29.060 -5.374
53.972 29.796 3.432
52.249 28.900 12.495
47.253 26.957 19.560
37.202 -26.210 -35.869
38.045 -27.801 -32.746
38.787 -27.622 -20.333
34.829 -22.623 -16.590
35.581 -22.093 -22.321
38.011 -23.550 -31.778
36.132 -22.252 24.302
39.702 -28.522 30.339
39.149 -29.948 40.453
34.910 -25.713 45.653
36.362 -22.591 41.868
37.259 -21.313 31.755
41.979 46.958 -20.114
51.455 39.556 -12.355
56.632 36.845 -3.897
58.300 38.300 2.890
56.387 36.638 9.687
51.568 40.798 19.179
43.668 47.428 27.885
49.037 54.320 19.893
54.619 57.201 11.207
55.454 57.678 3.134
54.399 57.703 -4.034
49.258 53.281 -12.861
43.696 47.432 -16.041
55.048 44.162 -3.654
56.355 44.540 3.706
54.202 45.326 9.695
44.249 47.370 23.827
51.168 50.098 10.402
52.122 49.968 2.886
52.252 50.021 -3.869
23.821 -95.806 5.103
44.310 -39.381 3.832
