-0.811 -43.364 -71.547
-32.603 -22.324 -78.438
-32.146 -3.563 -75.628
-29.151 6.043 -74.159
-19.723 23.633 -70.152
-5.340 37.673 -61.905
8.346 48.876 -49.535
22.946 59.107 -36.555
36.582 69.436 -0.777
28.264 57.902 31.460
11.895 47.949 45.977
-3.597 35.992 60.347
-15.617 24.710 68.133
-28.434 8.183 72.108
-34.166 -5.170 74.180
-32.971 -24.632 77.220
4.398 -42.698 69.872
22.637 -58.171 -58.613
33.272 -64.154 -49.654
41.256 -69.269 -37.168
46.937 -67.388 -23.885
47.603 -63.309 -11.962
46.747 -63.691 11.822
46.625 -67.737 23.913
40.940 -70.135 37.572
31.637 -64.923 52.020
24.929 -59.694 58.119
43.202 -47.233 -1.100
49.186 -36.222 -1.003
55.541 -26.661 -1.250
64.008 -13.335 -0.997
43.555 1.353 -19.425
49.727 3.285 -10.162
50.798 4.903 -1.211
49.679 3.508 8.358
44.584 1.632 17.474
30.125 -42.839 -42.263
36.348 -43.780 -34.090
35.842 -44.205 -26.118
33.658 -44.846 -19.221
34.913 -43.528 -26.223
34.493 -41.566 -34.715
34.735 -45.116 20.645
36.498 -44.799 26.992
34.333 -42.350 38.790
30.187 -42.851 44.928
35.219 -43.259 37.895
35.625 -43.446 27.715
37.827 27.425 -26.438
49.689 18.469 -17.801
55.308 13.529 -9.083
57.220 15.115 -0.933
55.232 13.209 6.480
49.356 18.448 17.219
38.743 27.122 24.881
43.379 31.165 16.540
49.148 31.758 6.823
50.357 31.794 -1.488
49.862 31.837 -8.681
44.505 31.334 -18.684
37.626 26.762 -23.963
51.326 20.948 -9.203
54.179 20.904 -1.005
51.902 20.913 6.405
37.455 26.463 20.871
47.494 25.871 6.580
48.869 26.006 -0.807
48.309 25.774 -9.538
31.620 -119.423 -0.193
45.022 -59.200 -0.767
