-3.984 -19.322 -75.812
-36.653 1.745 -80.175
-37.354 18.096 -79.485
-26.956 31.740 -76.247
-18.605 46.824 -71.676
-6.103 61.660 -62.492
6.382 76.285 -45.322
17.645 88.445 -28.407
27.660 95.579 -0.719
11.088 88.488 30.877
-0.756 77.362 45.939
-11.505 63.424 60.381
-20.890 48.182 68.931
-27.765 36.544 73.355
-32.689 20.494 78.394
-32.037 2.636 80.635
4.875 -14.443 73.006
23.017 -32.571 -57.815
30.682 -38.824 -48.847
39.384 -40.572 -37.093
45.071 -39.153 -25.720
47.842 -34.280 -13.518
48.030 -32.728 14.177
46.171 -37.934 26.584
40.483 -38.821 37.825
29.708 -37.261 52.295
20.588 -31.196 62.050
44.820 -18.240 1.384
48.101 -3.021 1.271
54.151 9.708 0.583
58.372 20.955 0.423
38.583 30.862 -15.403
44.412 32.027 -8.478
44.989 32.518 0.325
41.896 32.631 9.732
38.097 31.907 15.187
31.211 -16.333 -43.004
38.383 -19.472 -38.672
37.756 -18.966 -26.703
35.802 -11.812 -17.908
34.880 -11.748 -27.424
33.323 -12.870 -39.911
35.840 -12.551 21.001
38.910 -18.906 29.318
38.396 -19.935 37.643
29.580 -15.717 46.904
33.970 -12.698 40.662
35.096 -12.460 28.798
36.929 51.084 -23.762
47.416 44.100 -14.435
50.336 41.537 -7.268
52.384 41.231 -1.094
51.096 40.898 5.154
49.139 43.217 11.364
39.951 51.927 19.765
44.814 56.056 12.445
48.720 57.815 4.807
49.190 58.327 -0.484
48.052 58.438 -7.553
43.972 55.275 -15.657
38.516 50.487 -20.625
49.325 46.525 -7.411
48.862 48.850 -0.569
50.344 46.101 4.466
42.254 50.502 16.868
48.780 48.924 5.051
51.327 46.507 -0.530
48.132 48.901 -8.068
30.304 -93.103 1.592
47.115 -28.153 1.746
