-4.733 -51.641 -69.006
-30.708 -17.503 -75.794
-30.575 -0.103 -73.627
-21.162 12.336 -71.918
-10.090 24.498 -69.618
2.745 35.570 -61.771
20.326 48.377 -47.618
36.829 58.282 -31.434
50.616 67.158 1.584
40.166 58.333 30.511
20.559 47.520 51.132
1.188 34.953 66.427
-12.053 24.455 72.942
-23.493 11.591 75.313
-29.997 0.177 76.351
-30.072 -18.992 79.171
1.046 -51.201 71.981
19.165 -62.221 -55.576
23.855 -71.186 -48.568
34.651 -76.213 -34.760
41.669 -74.877 -22.345
42.768 -71.147 -13.686
42.021 -70.609 14.245
41.461 -75.260 24.458
36.999 -76.722 36.554
28.445 -73.903 51.090
21.090 -65.433 59.672
38.768 -54.278 1.271
46.171 -40.863 1.455
54.900 -30.576 1.989
62.939 -19.817 1.909
43.173 -5.013 -18.759
47.468 -2.511 -9.917
48.635 -2.473 1.219
48.623 -3.656 11.448
45.010 -4.047 20.241
28.875 -50.586 -37.459
32.007 -54.842 -32.623
32.731 -54.015 -22.723
31.829 -49.129 -16.982
32.255 -48.972 -23.157
31.720 -48.139 -33.002
31.206 -48.559 23.803
32.522 -54.485 29.136
32.319 -53.914 39.083
30.065 -52.192 43.441
31.105 -49.022 37.991
31.843 -48.670 28.011
32.369 22.809 -32.377
44.270 10.250 -23.116
52.360 5.492 -9.719
54.958 6.175 0.007
52.912 5.923 10.606
47.555 10.491 22.860
33.165 24.100 35.586
43.415 33.326 23.498
49.315 34.202 10.566
50.603 34.502 0.522
49.724 34.864 -9.586
43.071 32.976 -22.985
27.518 21.783 -29.323
49.935 12.029 -9.483
52.449 12.595 0.348
51.573 12.277 10.663
29.359 24.091 32.548
47.130 28.965 10.872
49.454 29.708 0.370
48.551 29.283 -9.376
19.367 -122.254 2.233
41.885 -67.685 1.272
