-6.439 -19.284 -73.667
-36.834 11.032 -77.740
-35.443 29.496 -76.608
-29.312 39.960 -74.600
-17.409 53.359 -71.250
-4.924 65.319 -65.459
9.602 78.025 -52.614
31.403 86.757 -31.105
49.642 91.101 0.109
28.551 86.249 35.015
12.230 78.037 51.760
-1.763 66.932 64.519
-13.203 54.463 71.474
-24.761 42.314 75.347
-33.115 28.442 79.121
-32.016 10.495 81.774
0.170 -18.321 75.378
17.896 -33.086 -56.421
26.220 -40.788 -45.908
34.333 -43.218 -33.987
40.554 -41.270 -20.155
42.194 -36.940 -10.727
42.123 -36.406 16.881
40.236 -42.375 27.569
32.690 -44.072 41.060
22.961 -39.609 54.595
16.302 -32.285 62.928
42.450 -21.388 2.967
48.127 -9.582 2.284
55.120 0.599 3.064
61.871 12.103 2.697
40.431 22.868 -17.301
45.054 26.400 -8.813
46.682 27.850 2.139
45.777 26.440 11.695
40.405 23.450 20.728
28.241 -17.965 -42.754
34.072 -22.743 -36.606
35.209 -22.350 -27.604
32.631 -15.972 -18.389
34.782 -15.399 -27.572
32.465 -16.216 -37.805
32.827 -16.050 24.982
35.134 -22.004 30.027
34.690 -22.255 40.568
27.608 -18.204 47.929
32.913 -16.515 40.516
34.131 -16.354 30.405
31.610 49.606 -27.269
47.621 37.396 -15.910
51.318 35.318 -6.408
51.997 34.559 1.325
51.654 34.784 9.501
47.734 37.448 19.694
32.877 50.087 29.499
43.482 57.750 19.656
49.604 59.348 9.929
50.744 58.941 2.024
50.276 58.831 -6.770
44.925 57.291 -16.386
32.198 48.799 -24.510
50.041 39.532 -6.330
49.816 39.662 0.810
51.078 38.838 9.150
30.163 50.162 25.858
48.502 53.933 10.519
49.195 54.191 1.567
48.823 53.793 -6.244
13.902 -95.729 3.912
42.646 -35.609 2.595
