-1.221 -21.998 -73.538
-32.405 0.340 -78.914
-32.460 17.759 -78.084
-26.033 35.329 -74.190
-16.736 48.155 -70.316
-3.272 63.676 -60.674
12.497 72.633 -46.651
29.601 81.736 -27.009
39.557 87.669 2.275
24.845 81.820 32.049
9.426 72.410 48.145
-5.313 62.547 60.946
-17.456 49.967 68.886
-25.982 35.615 73.565
-34.495 21.332 77.604
-35.448 4.522 80.490
-3.733 -20.576 76.766
18.659 -39.642 -57.204
27.669 -45.274 -47.100
36.731 -46.981 -34.546
42.183 -45.219 -20.960
43.559 -41.539 -11.070
43.558 -41.801 15.609
41.872 -45.190 26.777
35.624 -46.473 40.389
26.167 -44.601 53.270
17.453 -40.392 61.577
43.409 -24.098 3.851
49.274 -12.361 3.458
54.993 -2.760 3.767
60.372 7.101 3.875
39.345 20.289 -14.813
44.819 21.891 -5.955
46.122 22.494 2.887
44.346 22.065 10.446
38.676 20.725 18.627
26.886 -20.515 -47.179
35.575 -19.613 -37.622
36.673 -20.319 -23.696
34.559 -20.357 -15.515
35.292 -19.163 -23.750
34.080 -18.003 -38.323
33.748 -20.511 22.992
36.128 -20.691 31.236
35.498 -19.710 41.300
28.497 -19.446 49.804
33.244 -18.162 42.007
35.068 -19.541 32.450
33.258 46.714 -26.971
46.046 35.593 -15.196
49.904 30.587 -4.147
51.014 31.093 2.686
49.697 29.595 8.583
46.307 35.433 18.258
33.646 45.876 28.517
41.176 46.881 19.115
48.741 49.250 9.040
49.556 48.700 2.765
49.056 48.861 -4.873
44.465 47.123 -14.958
32.969 45.408 -23.880
49.778 36.990 -4.414
50.302 37.041 1.862
49.615 37.516 8.875
35.291 44.984 26.041
47.578 43.029 8.586
47.488 42.856 1.645
47.156 42.737 -5.301
25.618 -95.913 2.926
43.370 -35.251 3.454
