4.157 -31.599 -63.299
-17.026 -3.260 -71.220
-17.298 15.993 -67.937
-9.978 27.654 -65.972
-2.869 41.341 -63.241
9.028 52.643 -57.851
21.430 63.166 -49.567
37.118 72.011 -30.594
50.714 81.625 1.682
33.226 72.656 38.017
18.892 62.452 56.271
6.885 52.959 64.476
-4.652 42.064 69.880
-12.883 28.732 73.201
-20.717 18.290 75.465
-21.592 -2.094 78.464
1.258 -30.441 72.644
18.389 -51.142 -49.883
24.022 -57.340 -41.951
30.838 -58.451 -29.929
35.266 -55.610 -17.599
36.660 -50.290 -9.875
37.264 -55.388 20.049
34.378 -61.099 30.048
30.346 -63.299 40.368
23.663 -61.750 52.602
16.889 -53.165 61.023
39.275 -37.058 4.806
43.714 -24.117 5.187
54.579 -11.195 4.470
64.289 2.580 4.740
44.917 15.947 -12.429
49.915 18.197 -5.241
51.284 19.285 3.806
50.721 18.192 13.521
46.226 17.454 20.297
30.529 -34.095 -36.361
33.688 -35.902 -30.976
34.267 -35.214 -21.536
30.655 -31.439 -15.809
33.670 -30.667 -22.203
32.346 -32.692 -31.966
33.475 -29.459 25.514
34.320 -36.822 31.986
33.350 -36.613 41.652
27.393 -33.871 45.403
32.828 -31.390 40.985
33.797 -30.365 32.617
37.662 37.768 -25.465
46.613 29.399 -15.654
53.406 26.174 -4.554
55.205 26.707 3.863
53.445 26.047 12.793
45.753 30.486 25.558
35.564 39.890 35.706
41.394 48.485 27.671
50.599 53.373 13.792
52.215 54.080 4.380
51.384 52.162 -5.695
46.178 48.137 -15.751
34.282 37.999 -20.423
52.535 32.577 -4.745
54.621 33.315 4.481
52.753 33.442 13.067
31.880 39.501 30.477
46.191 45.997 13.407
48.822 45.960 3.894
48.561 45.250 -5.278
12.836 -102.216 5.307
39.189 -47.315 5.028
