1.520 -43.879 -71.939
-34.233 -21.845 -79.569
-35.919 -1.769 -76.753
-28.229 14.025 -73.961
-17.142 27.291 -70.827
-3.742 39.585 -64.085
12.422 51.686 -50.093
30.996 62.322 -34.503
45.825 69.858 -2.622
31.889 62.439 29.624
13.605 52.487 45.498
-0.406 40.056 59.703
-11.529 28.803 66.985
-18.319 14.902 70.393
-26.150 -1.063 73.334
-25.869 -20.031 76.904
9.246 -41.309 68.618
25.078 -57.886 -58.837
30.165 -64.990 -53.194
42.396 -69.165 -40.201
50.752 -65.983 -25.102
51.659 -62.861 -13.571
51.104 -63.344 12.374
50.296 -66.615 23.488
44.674 -69.055 37.255
35.897 -64.606 50.553
26.861 -56.587 58.679
45.614 -45.847 -0.502
51.682 -32.277 -1.114
59.514 -21.156 -1.657
66.954 -10.209 -2.043
48.181 6.715 -17.906
53.393 8.561 -10.048
54.020 9.376 -1.999
53.485 8.453 6.740
48.731 7.474 15.540
33.564 -43.151 -40.864
38.183 -44.290 -36.059
39.786 -45.222 -25.643
34.566 -41.244 -20.625
37.743 -39.328 -26.863
36.252 -40.490 -35.738
34.232 -41.149 20.401
39.682 -45.274 25.485
39.298 -44.403 36.436
32.942 -43.263 41.271
36.563 -39.573 36.929
36.997 -39.473 26.779
41.392 31.288 -25.907
53.714 21.553 -17.839
58.765 17.599 -8.365
60.581 19.805 -2.394
58.984 18.003 4.620
54.219 22.210 14.122
41.951 32.182 23.349
47.480 36.563 14.054
52.277 37.658 4.732
53.079 37.861 -2.283
52.761 37.355 -8.660
47.705 37.081 -18.790
43.196 30.599 -22.100
54.791 26.155 -8.140
57.091 25.937 -1.643
54.861 26.286 3.923
42.574 31.114 20.481
50.679 29.734 4.437
51.884 30.420 -1.651
51.629 30.207 -8.633
34.509 -115.399 -0.713
49.982 -58.646 -1.136
