1.490 -23.453 -71.695
-30.905 5.192 -79.651
-31.364 23.142 -78.579
-25.305 35.344 -76.354
-13.863 48.471 -73.473
-3.309 63.020 -66.979
12.394 72.228 -57.060
32.674 83.299 -34.443
50.539 89.834 -1.834
29.844 83.428 34.796
12.316 72.609 54.424
-2.720 62.027 64.952
-11.303 50.317 70.519
-21.157 38.562 73.995
-31.325 27.052 76.985
-30.393 6.682 80.484
-3.010 -23.485 74.911
17.231 -39.227 -56.765
23.949 -45.078 -49.018
31.808 -47.855 -38.397
37.839 -47.899 -26.294
41.917 -44.609 -12.257
42.089 -43.894 14.058
39.369 -47.591 26.749
32.401 -48.127 39.740
24.158 -44.475 51.908
15.656 -39.090 60.728
41.982 -26.133 1.578
47.297 -14.540 1.796
54.523 -3.950 1.627
60.996 6.595 1.443
41.622 21.837 -14.952
45.856 23.141 -8.728
46.735 23.956 0.807
45.677 22.700 9.402
40.715 22.306 17.290
27.829 -22.671 -43.495
33.635 -26.561 -38.931
35.020 -26.681 -28.174
31.656 -21.905 -23.336
33.803 -20.033 -27.613
32.198 -20.851 -38.466
32.341 -21.197 24.166
34.498 -26.008 29.333
33.636 -27.085 40.151
27.040 -23.679 45.645
31.805 -21.257 40.686
32.971 -20.555 30.476
34.027 50.617 -30.977
46.697 34.639 -18.352
50.302 30.679 -7.925
52.297 32.084 -0.012
50.142 29.857 8.899
46.462 35.771 19.036
33.920 51.011 29.735
43.192 57.931 20.729
50.273 60.420 8.047
50.909 60.027 0.513
50.088 60.322 -9.462
44.534 58.890 -20.461
28.870 49.658 -27.179
51.157 36.366 -7.725
51.140 36.598 0.493
50.929 36.945 8.819
28.380 50.579 26.559
49.223 54.623 8.199
48.474 53.808 0.441
48.927 54.048 -8.781
20.618 -93.580 1.477
42.006 -39.677 1.471
