13.266 -44.766 -69.999
-18.188 -18.371 -73.581
-18.190 1.080 -70.641
-11.261 12.996 -67.578
-2.782 26.576 -63.131
7.813 39.576 -55.910
18.708 51.429 -43.443
30.006 62.686 -23.352
37.591 69.310 4.219
26.179 61.858 35.547
15.343 51.119 53.550
3.980 39.496 65.683
-5.883 24.003 74.168
-17.703 10.400 78.608
-20.627 -3.173 81.761
-20.174 -20.003 83.828
21.899 -43.417 76.921
36.531 -59.637 -53.547
45.285 -67.914 -44.607
51.736 -71.981 -33.628
55.637 -70.523 -18.529
55.931 -66.035 -6.009
55.986 -66.001 19.420
54.976 -72.007 33.738
50.564 -72.803 46.564
44.342 -67.856 58.044
34.942 -61.142 66.812
54.213 -45.826 6.289
63.707 -33.457 6.139
70.004 -21.817 5.748
76.823 -8.452 6.162
54.380 4.179 -12.034
59.251 7.130 -3.321
61.055 8.146 5.868
59.249 6.931 15.208
55.419 5.539 19.834
46.245 -44.281 -37.129
50.058 -45.943 -32.538
50.927 -46.228 -21.285
48.383 -43.495 -16.468
49.840 -42.171 -21.982
48.538 -42.910 -33.259
48.930 -44.444 30.629
51.719 -45.538 34.136
49.016 -44.994 44.547
45.936 -44.496 49.183
48.661 -42.524 44.622
49.748 -43.148 33.389
54.121 28.300 -19.766
65.581 20.821 -7.726
68.282 18.645 0.797
68.938 19.182 5.814
68.177 19.169 11.168
65.179 21.553 18.805
52.402 28.213 29.054
60.379 32.124 18.881
64.698 33.459 11.021
65.492 33.941 6.196
65.662 33.925 1.117
63.463 32.534 -7.612
55.069 27.113 -17.446
65.562 23.637 0.622
67.095 24.061 5.692
66.505 23.653 10.833
53.676 27.887 27.265
63.574 27.434 11.128
64.501 26.972 6.231
64.347 27.023 1.163
36.776 -117.795 5.850
55.907 -61.617 7.055
