5.723 -48.152 -60.385
-23.024 -14.088 -70.070
-24.095 5.724 -68.582
-15.395 16.721 -66.401
-4.026 26.975 -62.131
10.499 39.092 -52.683
27.014 48.881 -37.117
47.081 56.923 -17.231
57.992 65.188 11.238
42.897 57.252 39.254
24.126 48.443 55.886
7.161 37.465 69.458
-5.372 26.113 76.797
-14.955 11.195 80.021
-22.753 -1.077 80.484
-22.321 -18.950 80.966
7.219 -46.060 76.813
19.313 -70.713 -47.158
34.732 -76.851 -37.239
44.056 -78.513 -26.251
49.911 -77.048 -15.177
51.426 -71.826 -2.015
50.797 -72.432 25.835
49.814 -79.147 32.147
45.110 -80.408 42.418
37.340 -78.329 53.035
29.360 -74.105 60.444
48.672 -51.486 10.971
54.238 -40.700 12.076
64.729 -28.640 12.692
71.968 -18.318 13.719
53.276 -3.637 -6.837
57.199 -2.446 1.689
58.750 -0.972 11.895
57.140 -1.798 22.009
52.016 -3.634 30.113
42.418 -47.774 -33.561
46.284 -50.650 -28.257
44.101 -50.372 -16.772
40.653 -46.739 -13.726
43.069 -45.643 -18.226
42.948 -46.316 -27.571
42.484 -44.833 29.361
45.487 -49.789 36.538
46.244 -50.511 47.452
39.088 -48.477 51.890
42.700 -46.757 47.348
43.190 -45.123 35.813
44.826 21.037 -19.361
56.168 10.636 -10.081
60.589 6.981 3.302
61.634 7.696 11.378
59.896 6.952 19.262
55.326 10.092 30.855
43.133 20.637 39.907
52.695 30.927 30.717
60.690 36.055 18.197
62.044 36.144 10.486
60.798 36.944 2.375
54.114 31.622 -9.973
40.821 20.761 -15.635
60.636 12.202 3.096
62.031 12.047 11.369
60.153 11.983 19.238
39.713 20.291 36.318
60.302 30.700 17.745
61.229 30.653 10.474
61.502 30.834 2.485
16.993 -130.494 9.280
51.084 -66.443 12.076
