4.493 -48.211 -70.134
-31.117 -22.860 -78.390
-31.489 -5.907 -75.833
-27.173 7.215 -73.703
-18.472 20.384 -70.894
-4.440 35.017 -62.748
9.259 45.658 -50.793
31.990 57.267 -32.785
45.111 63.885 -0.215
30.088 56.490 31.836
11.665 46.845 47.296
-1.793 36.540 59.634
-15.208 21.845 68.824
-27.755 9.098 71.798
-31.020 -2.127 73.378
-29.684 -16.762 75.714
3.093 -50.022 71.136
27.517 -60.789 -57.018
36.476 -65.712 -47.971
44.549 -70.011 -35.541
50.423 -69.563 -24.992
51.927 -68.371 -9.681
52.392 -68.699 11.598
49.073 -69.540 25.634
43.704 -69.414 37.454
37.366 -67.055 47.795
30.515 -61.033 55.723
45.878 -49.630 -0.224
51.895 -38.171 -0.911
58.579 -28.494 -1.691
66.213 -17.784 -1.712
45.504 -1.785 -20.528
52.624 1.245 -9.775
53.294 1.848 -1.660
52.231 0.756 8.948
46.961 -1.090 18.596
35.727 -49.155 -39.432
36.371 -49.213 -35.694
38.715 -49.577 -25.194
36.599 -47.307 -18.276
36.896 -47.151 -24.463
36.627 -46.556 -35.519
36.082 -47.222 20.151
37.507 -49.821 25.707
39.854 -49.411 37.650
34.119 -47.693 43.020
36.827 -47.331 36.912
36.995 -47.331 26.377
39.976 26.001 -27.408
51.444 16.672 -18.832
57.251 12.199 -9.880
59.542 14.344 -1.696
58.043 11.708 6.252
52.864 15.871 16.271
41.044 25.081 25.922
47.562 30.007 15.091
51.771 31.271 5.883
52.619 30.790 -1.474
52.099 31.076 -9.543
47.343 30.420 -18.536
40.704 24.602 -23.083
51.255 23.666 -9.261
51.578 23.668 -1.073
50.715 23.743 5.581
40.412 23.454 21.520
55.488 18.067 5.925
57.399 18.432 -1.228
54.570 18.275 -9.250
36.335 -116.378 -1.737
50.194 -66.271 -0.429
