8.717 -23.465 -65.107
-16.530 17.870 -63.367
-14.601 -1.121 -66.592
-10.678 32.620 -60.527
-3.151 44.666 -56.417
5.529 58.550 -48.242
14.840 69.658 -36.816
22.428 79.934 -23.292
31.490 86.855 5.753
23.511 79.500 33.825
10.171 69.789 49.584
2.292 59.346 59.862
-8.143 44.574 69.692
-15.048 31.269 74.210
-20.115 17.249 77.287
-20.419 -1.770 80.539
15.886 -20.713 76.498
42.691 -42.228 -42.692
45.905 -46.022 -36.802
49.630 -46.520 -28.199
52.954 -44.291 -17.328
54.172 -41.124 -9.470
55.607 -40.244 19.286
55.472 -44.317 27.510
53.158 -47.529 37.505
49.373 -47.992 47.149
44.558 -44.158 55.733
52.704 -23.536 5.588
54.992 -9.845 7.036
61.004 2.563 5.655
67.931 17.995 5.622
45.776 26.047 -11.594
50.545 27.972 -5.262
57.479 29.297 6.118
51.718 28.506 15.430
47.493 26.212 22.532
40.147 -22.403 -36.990
46.240 -24.124 -31.154
49.365 -23.592 -20.767
46.576 -19.918 -10.440
45.777 -19.324 -20.999
44.558 -20.933 -30.384
43.616 -20.015 27.432
48.802 -23.322 33.247
48.369 -25.413 41.983
40.498 -22.562 48.327
45.249 -20.348 43.496
45.619 -19.626 34.020
46.759 42.293 -16.197
56.358 35.766 -8.851
59.773 33.127 -1.083
61.381 32.988 6.709
60.000 33.176 12.682
57.482 35.911 21.320
50.293 42.074 28.020
54.666 47.039 21.123
59.026 49.880 13.381
60.496 49.862 6.494
58.164 49.910 -0.795
52.331 47.575 -8.252
49.613 42.411 -12.260
60.195 39.188 -0.560
61.971 38.245 6.757
60.906 38.919 12.848
50.313 42.752 26.059
59.102 43.391 12.959
60.184 43.856 6.219
58.986 44.205 -1.127
44.855 -93.656 7.411
55.592 -35.573 6.679
