8.010 -50.764 -60.495
-22.585 -14.605 -71.147
-21.802 2.580 -70.157
-12.606 13.284 -68.081
-1.810 28.042 -62.707
10.569 38.275 -54.543
25.699 46.625 -41.485
46.740 54.789 -20.445
56.297 65.883 12.314
39.828 55.271 40.868
24.061 46.631 55.670
6.789 36.782 68.840
-8.041 25.914 75.845
-15.293 15.410 78.322
-19.493 2.983 79.589
-21.725 -17.074 79.964
9.914 -49.791 74.816
21.442 -69.920 -47.532
40.055 -75.235 -35.951
45.463 -75.963 -28.138
50.523 -75.140 -16.304
51.997 -73.081 -5.323
51.153 -72.150 24.478
49.134 -75.417 37.629
43.341 -76.994 48.387
34.479 -74.263 57.436
21.581 -65.746 66.559
50.751 -51.866 11.704
58.275 -41.436 11.634
67.488 -31.071 12.979
74.090 -21.101 13.233
54.865 -9.551 -9.012
59.324 -7.386 1.331
61.301 -5.734 12.793
57.802 -7.048 23.997
52.197 -9.137 32.907
42.477 -49.834 -34.926
44.879 -51.982 -29.894
46.053 -52.191 -18.079
43.918 -50.077 -12.749
45.236 -48.914 -18.280
44.805 -49.248 -29.830
44.049 -49.400 32.785
46.078 -51.846 38.157
45.872 -51.071 47.427
41.787 -50.118 52.634
44.191 -48.725 47.963
44.573 -49.491 37.654
45.576 15.959 -20.365
58.423 4.527 -10.129
62.848 3.406 4.544
63.113 3.171 12.812
60.550 2.214 21.451
54.448 4.662 33.849
42.479 14.654 41.955
51.832 27.242 33.125
60.921 31.245 22.716
64.008 31.435 13.427
64.095 30.903 3.561
55.777 27.665 -10.897
42.899 17.121 -18.506
62.988 6.658 4.124
63.620 7.247 13.487
60.940 6.654 21.518
38.000 15.018 39.107
60.687 25.212 21.635
62.357 25.029 13.152
63.051 25.576 4.244
14.339 -133.406 7.548
51.504 -66.949 12.117
