10.678 -48.249 -74.935
-21.621 -20.103 -80.504
-22.848 -0.123 -78.739
-15.174 14.502 -75.393
-6.928 27.700 -71.407
7.040 38.246 -65.752
19.624 49.591 -54.143
39.420 60.983 -26.030
45.370 67.972 -1.079
30.711 60.499 29.980
18.565 48.674 51.147
5.936 36.998 62.951
-2.652 26.592 68.786
-14.135 15.035 73.024
-21.837 3.463 75.376
-21.870 -19.483 77.387
13.776 -47.368 71.133
27.168 -61.281 -61.577
35.940 -70.369 -52.129
42.430 -74.579 -41.147
46.380 -74.656 -26.958
47.682 -71.634 -13.987
47.943 -71.689 12.642
46.477 -76.358 25.306
41.801 -76.706 38.966
33.339 -70.292 53.388
27.103 -60.149 60.560
47.411 -50.203 -0.139
58.304 -37.978 -0.631
66.208 -26.346 -1.130
73.395 -14.987 -0.024
52.209 -0.259 -16.598
57.386 1.758 -9.838
58.157 2.207 -0.188
57.651 2.265 6.798
52.048 0.799 14.584
39.040 -47.635 -43.676
44.304 -50.188 -38.039
44.909 -50.087 -26.774
40.641 -46.944 -22.229
42.910 -46.215 -27.405
42.305 -46.110 -39.192
40.977 -47.743 22.536
45.735 -50.253 26.491
44.516 -50.606 38.167
38.266 -47.640 43.606
41.742 -45.343 38.191
43.736 -46.108 26.979
46.556 24.617 -32.024
60.653 15.985 -17.567
64.259 13.441 -8.887
65.852 13.856 -0.168
64.439 13.299 5.861
58.191 17.763 17.933
43.670 25.258 28.895
51.935 35.386 18.132
59.594 39.832 6.490
60.210 39.924 -0.766
59.993 38.828 -8.263
54.401 35.443 -18.673
44.941 24.624 -28.053
62.299 19.887 -8.419
65.133 20.225 -0.772
63.050 19.974 5.708
43.938 24.887 24.466
56.653 32.552 6.620
58.621 32.514 -0.116
57.659 31.765 -8.402
22.098 -120.886 -0.801
48.160 -66.603 -0.993
