19.229 -43.346 -63.001
-18.829 -24.963 -69.228
-18.290 -4.244 -67.267
-8.684 10.397 -64.403
-1.161 25.285 -60.027
12.712 38.417 -49.645
28.978 51.441 -31.626
42.352 61.618 -17.753
53.641 68.418 10.217
39.126 62.039 35.710
21.235 51.660 51.354
8.987 38.689 65.739
-1.898 22.317 75.685
-12.242 10.209 77.467
-15.810 -5.972 79.310
-14.778 -25.119 80.612
21.188 -41.433 77.994
47.877 -60.537 -46.167
58.346 -65.413 -37.056
65.034 -65.724 -25.728
68.319 -64.259 -15.737
68.913 -61.216 -4.896
68.957 -62.777 24.920
68.120 -65.999 36.173
62.798 -68.277 48.881
52.992 -67.427 58.419
43.716 -61.682 65.106
64.494 -44.526 10.868
68.491 -33.063 11.596
75.214 -21.073 12.199
81.157 -8.898 12.357
62.608 1.042 -7.616
66.736 3.471 -0.345
69.490 5.907 11.452
65.455 3.675 20.411
61.177 2.862 28.689
56.086 -42.523 -30.735
60.194 -42.683 -26.972
60.516 -43.097 -18.387
56.153 -42.143 -13.623
57.872 -41.062 -18.477
58.206 -40.815 -26.998
57.248 -42.196 31.315
59.951 -42.797 37.856
61.639 -43.000 43.650
55.492 -42.271 48.308
57.497 -39.688 43.518
57.499 -40.974 37.066
60.333 21.734 -15.640
71.129 13.710 -5.148
74.214 13.229 4.117
74.708 13.151 10.554
72.001 12.466 18.784
68.607 14.757 26.961
59.890 21.170 32.537
62.521 23.924 27.294
71.426 24.017 17.121
73.272 25.023 11.560
73.781 24.625 3.740
70.255 23.548 -4.251
62.447 19.769 -10.658
72.910 15.910 3.884
73.768 16.545 11.328
71.463 16.826 17.608
61.242 20.807 29.800
70.373 19.439 17.716
72.929 19.243 10.536
73.073 19.228 4.232
45.906 -131.816 9.314
68.279 -58.281 11.491
