-0.528 -50.162 -68.626
-30.737 -17.099 -78.227
-29.778 1.151 -75.619
-22.028 12.463 -73.579
-12.421 24.100 -70.603
-0.141 38.197 -62.277
15.402 51.240 -47.280
34.343 59.817 -32.237
48.929 66.230 -1.505
31.106 60.782 30.189
13.834 51.252 45.356
0.625 38.137 59.533
-12.725 26.113 68.393
-21.749 13.062 71.810
-28.587 2.855 73.406
-28.828 -16.741 77.716
1.205 -47.685 69.796
18.803 -64.970 -55.857
26.151 -71.973 -47.311
35.132 -75.954 -35.158
41.533 -74.042 -22.982
42.832 -69.492 -12.618
41.601 -69.620 16.601
39.783 -74.139 28.319
34.157 -73.713 40.474
26.622 -70.282 51.449
20.571 -63.038 58.477
38.499 -52.107 1.281
45.581 -39.415 1.959
52.298 -30.831 1.640
62.244 -18.689 1.159
43.972 -2.850 -19.066
48.858 -0.622 -8.857
49.108 1.256 0.027
48.734 -0.110 9.175
44.263 -1.183 19.114
28.287 -48.493 -38.474
31.499 -51.688 -34.679
32.784 -51.636 -23.231
30.882 -47.057 -17.666
31.586 -47.139 -23.906
30.517 -47.719 -34.612
29.932 -46.904 21.771
31.824 -51.208 27.392
32.322 -52.288 38.635
28.450 -49.259 43.360
30.814 -47.700 38.593
31.390 -46.101 28.738
34.504 19.980 -34.331
46.543 14.554 -19.226
52.668 11.223 -8.455
54.297 11.985 -0.842
52.901 11.301 7.859
46.088 15.309 20.081
32.234 19.673 31.740
38.254 30.994 21.072
46.809 33.256 8.005
48.082 34.215 -0.493
47.576 33.742 -10.513
41.856 29.930 -20.852
29.170 20.289 -30.552
50.124 16.783 -9.936
52.960 17.311 -0.757
50.912 17.350 7.558
29.724 20.172 29.166
45.490 26.647 7.357
46.320 25.961 -1.169
45.891 25.765 -10.120
21.491 -120.517 2.427
40.920 -64.525 2.356
