0.923 -30.554 -68.914
-23.730 8.872 -75.520
-23.902 23.563 -72.601
-15.938 34.742 -67.612
-5.154 44.889 -61.280
6.660 54.216 -53.466
18.909 64.647 -40.752
34.262 74.422 -20.419
40.530 81.909 7.926
33.731 72.221 35.558
17.414 64.846 51.356
6.487 52.675 63.719
-5.996 45.109 69.583
-15.845 34.177 74.876
-25.174 24.359 78.686
-25.696 7.525 81.163
1.903 -30.166 73.700
16.176 -44.000 -56.744
26.605 -51.072 -46.452
31.455 -56.118 -36.433
36.577 -54.841 -22.756
38.101 -50.429 -10.375
37.138 -51.329 17.894
33.732 -55.879 32.568
28.139 -55.209 44.695
21.721 -50.634 54.961
14.423 -44.056 62.398
38.263 -33.311 4.819
45.514 -21.709 4.623
54.537 -11.562 4.365
61.623 -0.362 5.929
39.461 12.031 -11.491
44.974 13.989 -4.188
47.571 14.800 5.609
46.957 13.833 13.528
39.204 12.826 22.706
25.899 -31.535 -42.932
31.987 -32.358 -35.518
31.660 -32.823 -24.283
28.714 -29.459 -18.661
30.948 -28.931 -24.434
29.409 -30.306 -36.761
31.134 -28.108 24.028
32.066 -33.828 30.601
31.170 -32.736 40.344
25.662 -31.047 46.992
29.752 -29.905 39.826
29.253 -29.473 30.145
35.131 40.996 -20.893
44.933 27.302 -11.311
50.295 23.497 -1.465
52.358 23.485 5.895
51.091 23.378 12.864
43.907 26.853 24.739
32.538 38.367 34.498
41.339 48.749 24.885
45.975 51.763 13.425
47.183 51.460 6.664
46.255 51.965 -1.144
41.999 49.005 -11.990
32.776 39.878 -18.113
48.954 27.977 -1.133
50.836 28.288 5.906
49.547 28.442 12.369
28.599 37.092 31.428
43.196 42.973 13.915
43.444 42.714 5.692
43.830 42.874 -2.443
22.369 -92.694 3.754
38.604 -48.228 4.919
