11.319 -53.479 -68.127
-21.594 -17.261 -74.246
-22.349 1.105 -71.147
-15.233 14.135 -67.866
-3.378 27.469 -63.182
10.806 38.458 -55.417
24.186 50.644 -38.774
36.060 58.623 -19.319
39.234 66.153 5.017
29.762 58.919 31.958
17.395 50.186 50.504
5.898 37.256 64.586
-4.934 26.662 71.908
-13.638 13.757 76.857
-19.473 -1.668 80.592
-21.244 -21.149 83.467
13.480 -51.962 76.574
28.668 -66.819 -54.156
36.731 -73.607 -46.016
43.536 -77.836 -33.625
46.721 -77.325 -20.616
47.255 -72.625 -8.771
47.624 -73.695 19.300
46.623 -77.823 30.599
41.332 -78.992 46.850
35.360 -73.770 57.872
27.496 -66.741 65.452
46.422 -55.602 5.975
56.659 -42.702 5.409
64.152 -31.467 6.167
72.004 -19.166 5.777
50.862 -2.084 -12.325
55.975 0.368 -4.818
57.382 0.912 4.537
55.122 0.092 13.865
50.236 -1.853 20.811
37.925 -51.690 -38.886
43.256 -55.245 -33.296
45.481 -54.319 -22.161
40.006 -51.561 -16.454
42.788 -50.652 -22.119
41.690 -49.474 -34.438
40.388 -51.617 27.217
45.446 -55.034 33.000
44.033 -54.754 44.056
37.454 -52.161 49.726
41.391 -49.544 44.023
43.103 -49.786 32.148
44.369 23.765 -22.598
59.159 16.496 -10.982
63.270 11.618 -2.629
64.853 13.457 4.815
63.699 12.301 9.741
58.614 16.359 19.803
44.312 22.678 30.550
53.306 29.168 19.137
59.307 31.614 10.887
60.279 31.556 4.443
59.256 32.396 -2.850
54.802 29.812 -11.507
44.447 23.168 -19.998
60.962 18.737 -2.068
64.217 18.481 4.131
61.934 18.727 10.198
43.652 23.039 26.810
56.878 23.690 10.401
58.785 24.052 4.758
57.123 23.317 -2.569
25.011 -123.776 4.237
47.832 -68.998 5.626
