12.508 -49.947 -66.701
-19.159 -23.711 -71.898
-20.285 -2.374 -69.925
-13.268 7.011 -67.924
-5.781 21.213 -64.247
6.253 32.695 -59.132
18.188 44.400 -49.736
36.207 54.468 -27.824
47.050 62.782 4.972
32.290 53.919 39.376
15.942 45.042 59.277
6.711 32.774 69.833
-5.513 20.948 76.430
-12.324 7.400 80.939
-20.589 -4.290 83.721
-21.424 -23.593 85.748
22.561 -50.768 76.150
38.018 -67.591 -46.853
43.052 -74.906 -38.669
47.272 -79.252 -27.971
49.734 -78.108 -16.864
50.971 -75.384 -4.403
50.897 -75.398 18.861
48.873 -82.520 33.047
43.720 -81.808 48.139
38.027 -76.694 59.630
32.736 -67.009 67.177
50.166 -56.684 7.539
58.599 -45.094 7.761
68.322 -32.563 7.568
76.811 -19.765 6.521
55.751 -2.926 -9.426
61.451 -1.053 -1.331
62.357 -0.261 7.752
61.001 -1.349 15.540
56.102 -2.368 21.491
43.507 -50.086 -37.227
49.823 -51.730 -29.181
49.742 -52.203 -18.388
46.198 -51.069 -13.204
48.521 -51.233 -18.998
48.000 -50.992 -30.398
46.431 -52.069 31.195
49.661 -53.295 35.190
51.279 -51.777 41.789
46.101 -50.820 47.667
46.650 -50.351 42.564
47.092 -50.573 34.942
50.009 22.500 -22.588
63.666 14.451 -10.333
67.812 9.938 -0.778
69.354 11.268 6.111
68.437 10.858 12.496
64.520 14.542 21.438
50.576 23.442 31.906
57.806 29.634 21.006
64.610 30.224 13.071
65.608 31.204 5.603
65.354 30.761 -1.785
61.354 29.591 -9.775
49.491 22.261 -18.776
66.854 16.358 -0.937
69.268 16.924 5.793
67.574 17.170 12.522
49.090 23.441 27.522
62.766 23.346 12.631
64.427 22.834 6.038
62.624 22.370 -1.494
25.181 -124.577 8.862
50.748 -66.730 8.092
