-1.368 -25.306 -66.931
-29.499 4.194 -73.890
-28.970 26.465 -68.763
-18.998 38.671 -62.570
-8.357 49.889 -54.915
1.898 61.706 -43.273
11.744 72.274 -29.259
22.636 79.044 -16.690
29.274 84.058 7.025
21.186 79.308 32.298
12.742 70.786 45.496
0.551 60.385 58.737
-9.806 47.549 69.320
-21.321 35.908 76.187
-26.391 25.145 80.013
-26.362 7.291 83.098
4.734 -25.662 74.148
18.800 -41.532 -52.476
27.376 -46.266 -43.189
33.256 -49.320 -32.879
37.800 -48.309 -22.273
39.463 -42.789 -11.032
39.101 -43.496 18.116
37.611 -48.158 29.638
32.611 -48.460 41.590
25.927 -45.886 53.365
18.014 -39.522 62.583
37.924 -27.947 5.909
43.551 -16.243 5.954
51.166 -5.907 6.390
58.354 5.342 5.960
35.424 18.238 -9.927
39.267 21.137 -4.219
44.287 21.513 6.681
42.065 20.704 16.694
36.062 18.518 22.961
27.709 -27.166 -36.690
30.078 -27.262 -33.138
29.864 -27.661 -21.859
27.948 -24.840 -18.146
29.569 -24.879 -21.694
29.896 -25.112 -33.050
28.520 -24.202 26.112
29.922 -27.239 30.991
29.899 -26.720 41.540
27.226 -27.687 45.722
30.178 -25.347 41.016
29.873 -24.359 32.109
34.467 41.778 -16.069
43.127 33.935 -6.978
47.911 30.126 3.058
48.787 31.415 8.535
47.905 30.627 13.842
42.530 33.525 22.851
33.982 39.253 30.947
39.361 47.535 23.043
44.085 50.706 13.766
45.037 51.116 8.283
44.988 50.867 3.858
41.050 47.974 -6.854
35.212 40.884 -13.109
44.225 37.030 3.395
45.449 37.404 8.825
44.652 36.750 13.844
35.224 39.083 27.796
43.262 40.208 13.804
44.298 40.851 8.202
44.272 40.591 3.019
20.398 -98.175 5.812
39.346 -37.765 6.426
