9.874 -45.604 -62.633
-19.534 -18.352 -69.949
-20.871 2.211 -68.856
-11.755 12.033 -66.326
2.038 26.554 -59.997
14.157 39.148 -50.328
26.709 49.231 -36.594
42.116 58.276 -19.456
54.712 64.143 10.661
39.756 57.584 38.806
23.185 49.119 53.819
11.591 37.488 66.645
-2.353 25.598 75.560
-11.397 13.035 78.988
-19.976 0.694 79.952
-19.565 -19.146 80.697
15.393 -45.170 76.452
29.710 -63.048 -48.079
41.127 -70.495 -41.293
50.059 -73.334 -31.188
56.661 -74.015 -18.878
58.359 -68.202 -6.046
58.606 -68.899 24.896
56.823 -74.373 37.699
50.386 -76.196 48.674
37.398 -72.849 60.116
30.530 -66.639 65.674
55.097 -49.047 10.385
62.491 -35.478 10.282
70.465 -24.670 11.873
76.659 -14.055 12.208
57.769 0.614 -6.834
62.461 3.240 1.667
63.766 4.176 11.183
61.471 4.071 21.449
56.878 1.746 28.564
43.358 -45.620 -35.621
52.233 -49.353 -27.272
52.744 -49.847 -19.604
47.666 -44.424 -11.553
47.872 -43.992 -19.375
47.662 -43.539 -27.574
46.230 -45.122 29.610
52.787 -49.504 37.514
53.705 -48.984 46.473
42.659 -45.801 53.283
47.325 -43.624 45.960
48.828 -43.739 37.189
51.759 26.119 -14.074
63.333 17.258 -5.681
66.791 14.546 4.125
67.700 16.021 10.251
66.683 14.430 15.647
61.977 19.503 26.031
52.568 24.756 33.685
59.657 29.398 25.402
66.503 31.288 15.766
67.569 31.726 10.389
67.232 31.910 4.283
62.454 30.982 -5.507
52.602 26.135 -11.307
65.527 20.306 4.086
66.469 20.176 10.517
64.434 21.231 16.033
53.501 24.724 31.010
63.641 25.234 15.862
64.799 25.128 10.471
64.592 24.931 3.713
27.886 -132.297 8.992
57.685 -62.455 10.365
