9.956 -28.095 -66.165
-21.500 0.445 -75.385
-23.249 19.784 -71.465
-17.830 31.858 -66.287
-7.408 43.800 -59.773
5.105 55.459 -49.622
17.655 65.815 -36.054
29.011 74.759 -21.422
39.450 79.402 5.915
27.260 73.889 34.806
16.514 65.438 48.102
4.597 54.364 60.566
-6.617 43.703 68.629
-15.513 32.414 74.300
-21.400 19.707 79.006
-20.926 1.131 81.874
9.576 -26.977 74.005
21.925 -43.749 -57.363
30.737 -50.887 -49.627
38.598 -54.351 -38.892
44.539 -53.997 -24.417
46.295 -49.468 -13.648
46.525 -50.064 17.392
43.767 -54.491 28.131
38.329 -55.024 42.585
29.285 -50.149 56.186
20.652 -41.392 64.462
44.634 -31.280 3.367
49.392 -20.185 4.298
58.815 -7.341 4.787
65.478 3.400 4.991
42.303 15.711 -11.798
48.688 18.542 -3.983
51.715 20.168 5.819
49.990 18.508 13.685
43.423 17.723 21.109
33.790 -28.276 -41.593
38.480 -30.596 -37.678
39.508 -29.640 -25.712
35.314 -25.802 -20.287
37.292 -24.610 -26.266
35.228 -26.145 -38.019
37.763 -25.476 25.054
39.557 -29.870 29.814
36.521 -31.724 41.615
32.583 -28.788 45.960
35.533 -25.555 42.782
38.050 -23.738 31.179
41.208 41.021 -17.609
50.923 32.242 -7.476
55.541 28.356 -0.250
56.624 29.751 5.365
55.881 28.799 10.778
50.868 32.054 20.044
41.759 39.646 26.457
47.123 47.513 19.482
51.398 49.165 11.441
52.658 49.329 5.472
52.208 49.282 -0.124
49.213 48.282 -7.466
41.239 40.385 -14.413
52.709 33.965 0.068
54.030 34.663 5.030
53.343 34.103 10.461
42.327 40.197 22.845
49.722 39.431 11.362
50.689 39.177 5.565
50.574 38.929 -0.065
30.865 -97.420 2.807
46.299 -43.501 2.983
