4.399 -41.910 -69.979
-30.333 -27.927 -76.869
-30.400 -9.634 -74.208
-27.812 6.021 -71.863
-19.865 24.912 -67.064
-8.005 39.440 -56.257
1.758 51.809 -44.286
20.531 61.850 -29.155
30.575 69.441 1.588
22.152 61.954 27.887
7.248 52.210 41.741
-7.372 40.895 56.218
-16.734 25.106 67.766
-24.576 10.763 72.475
-28.368 -4.174 74.947
-28.347 -23.293 78.167
11.674 -39.237 71.012
30.991 -55.794 -56.029
41.437 -61.974 -47.165
50.184 -62.263 -35.471
55.568 -60.664 -22.844
56.217 -56.747 -11.980
55.001 -56.466 15.866
54.684 -60.124 27.915
51.136 -61.356 38.030
43.897 -58.901 50.843
31.087 -54.078 61.368
48.622 -41.553 3.157
52.219 -29.805 1.613
58.631 -16.517 0.944
63.556 -5.193 -0.042
42.802 4.507 -18.115
47.278 6.075 -9.349
49.657 6.664 0.667
46.450 5.918 10.986
42.738 5.296 19.827
36.330 -40.957 -39.733
42.264 -41.697 -31.755
41.904 -40.033 -23.841
39.897 -39.735 -17.971
40.507 -38.192 -23.160
39.452 -39.394 -33.020
38.790 -39.019 24.015
42.032 -40.078 30.048
42.548 -41.470 38.456
36.066 -40.638 46.215
39.470 -38.348 39.298
40.313 -37.861 29.330
44.015 28.410 -21.645
57.121 16.912 -15.986
59.511 13.885 -7.460
61.212 13.943 -0.063
59.250 13.521 8.298
56.913 18.487 18.264
44.191 28.559 24.159
47.107 31.816 18.374
52.613 34.818 8.647
54.243 34.490 0.275
53.019 34.281 -7.544
47.920 32.748 -15.809
46.045 27.591 -19.130
56.560 22.446 -7.904
57.308 22.307 -0.024
57.277 22.577 7.861
45.592 28.334 20.902
53.621 26.316 7.862
53.788 25.834 0.010
53.810 26.383 -7.147
47.594 -115.341 2.266
53.136 -52.831 3.627
