9.353 -55.097 -69.249
-23.370 -19.227 -76.351
-22.792 -0.069 -74.021
-16.142 13.426 -70.997
-5.914 25.131 -67.029
5.087 36.636 -60.791
19.249 50.120 -47.887
32.056 57.657 -30.617
45.228 64.398 2.208
26.365 57.702 36.733
9.758 49.961 54.662
-2.586 39.080 63.770
-13.837 26.683 71.549
-20.888 13.242 76.292
-26.972 2.550 78.516
-25.507 -18.444 81.424
9.319 -54.702 74.531
27.544 -69.227 -53.970
34.638 -76.343 -45.031
40.007 -79.783 -33.626
43.360 -79.100 -19.101
43.990 -73.591 -5.445
43.851 -73.353 15.306
42.774 -78.397 29.234
38.478 -80.395 42.225
31.868 -76.642 54.472
22.715 -67.701 64.027
42.715 -56.356 4.837
54.556 -41.120 4.527
61.759 -30.377 3.885
69.207 -16.415 4.051
47.320 -3.574 -13.338
52.032 -1.786 -5.884
52.929 -1.193 4.293
51.871 -2.026 12.184
46.069 -4.539 19.991
34.376 -52.927 -40.267
40.713 -56.557 -35.760
39.870 -56.032 -22.786
37.258 -51.665 -18.675
39.401 -51.022 -23.975
38.543 -50.861 -36.201
37.070 -52.326 24.924
40.558 -55.694 30.445
39.842 -57.141 41.252
34.833 -52.541 46.937
37.741 -50.876 42.453
39.580 -50.705 30.967
42.808 22.963 -24.644
56.112 11.382 -12.538
59.371 9.174 -3.753
60.650 9.061 3.214
59.181 8.176 10.423
53.590 12.387 21.546
39.568 19.963 31.417
47.339 32.432 22.615
56.647 36.746 10.811
57.681 37.175 3.135
57.574 36.242 -4.424
52.714 30.609 -14.235
39.907 22.863 -20.580
58.312 14.170 -3.757
60.209 15.168 3.083
58.180 15.065 10.285
35.670 21.113 27.502
54.691 30.888 11.028
56.628 30.860 3.421
56.373 30.418 -4.520
20.404 -124.141 4.669
44.207 -69.828 5.133
