17.041 -49.446 -69.624
-22.708 -18.568 -77.559
-22.296 0.446 -74.989
-12.176 10.187 -72.366
0.837 25.753 -67.187
13.792 35.659 -61.041
25.896 48.311 -46.871
36.194 58.941 -27.006
45.032 64.967 1.660
35.161 58.476 29.538
18.604 47.609 52.038
2.831 36.601 64.234
-6.661 24.401 70.571
-15.765 11.946 74.416
-20.604 0.824 77.102
-20.440 -18.300 79.890
15.524 -46.355 74.382
33.770 -65.878 -55.154
39.312 -73.444 -47.636
44.527 -78.412 -36.732
48.237 -78.855 -21.862
49.045 -73.319 -10.747
49.153 -71.485 14.116
48.334 -75.773 27.307
45.845 -75.038 40.396
42.726 -71.573 48.664
36.745 -65.666 57.317
49.533 -52.647 3.310
61.233 -39.238 3.340
69.054 -27.297 3.655
75.810 -15.455 3.259
53.796 -1.666 -14.083
59.580 0.005 -5.912
60.534 0.762 2.717
60.304 -0.266 9.663
55.235 -0.792 16.060
45.648 -49.959 -37.126
48.839 -50.426 -33.602
49.116 -50.578 -26.768
44.177 -49.747 -17.543
45.696 -49.017 -26.571
46.044 -49.318 -33.335
44.994 -49.573 22.765
48.592 -51.431 30.000
48.531 -50.031 40.026
43.513 -48.838 47.427
47.052 -49.374 40.993
47.138 -49.504 31.108
49.806 24.878 -24.835
64.549 15.299 -10.769
66.885 11.544 -3.790
67.772 12.050 1.302
67.220 11.189 6.979
64.170 15.238 15.758
47.426 22.938 29.771
58.774 30.677 16.721
63.904 32.267 7.573
64.436 32.446 1.745
64.043 32.191 -4.343
60.646 32.121 -11.100
50.079 24.707 -21.712
64.837 18.930 -3.970
67.478 18.948 1.699
67.111 18.596 7.095
48.542 22.410 26.657
62.315 23.604 6.481
62.271 23.417 1.603
61.442 23.715 -3.390
23.768 -123.075 3.743
49.218 -66.022 2.906
