13.012 -49.223 -61.869
-14.296 -19.382 -71.118
-15.456 -1.079 -69.559
-4.362 6.717 -66.586
4.135 17.748 -62.397
17.387 28.143 -53.999
34.967 40.396 -35.040
50.824 48.551 -15.901
58.297 56.776 16.572
34.210 48.939 43.463
18.713 40.715 56.818
2.464 28.900 70.814
-6.207 16.651 76.063
-13.059 6.045 78.017
-22.693 -5.342 77.707
-22.960 -24.180 78.719
11.709 -49.167 75.773
30.580 -70.287 -46.421
41.156 -74.428 -40.235
48.409 -76.305 -29.504
52.462 -75.065 -17.874
53.261 -70.788 -6.997
51.857 -69.664 25.107
51.551 -73.757 34.284
47.993 -76.062 46.740
41.243 -74.574 55.987
27.328 -67.459 65.237
55.164 -54.576 10.661
61.991 -43.643 12.682
71.007 -33.829 14.215
76.430 -23.899 15.846
59.525 -9.251 -3.283
62.752 -6.617 3.886
62.847 -6.634 15.951
59.866 -10.042 26.074
55.217 -12.636 32.266
49.860 -52.852 -27.673
50.638 -53.169 -24.764
50.244 -53.592 -16.995
46.077 -52.654 -13.826
49.192 -52.224 -19.055
50.247 -52.876 -24.938
47.103 -51.812 30.761
49.695 -54.394 35.393
50.389 -52.339 44.791
47.404 -50.849 52.309
50.021 -52.296 46.180
49.698 -52.973 37.538
56.430 14.482 -10.757
65.660 5.362 -2.415
66.717 1.710 9.208
65.544 0.671 16.960
62.872 -0.234 24.528
56.319 2.984 34.803
45.141 6.473 45.666
53.276 14.352 35.096
63.698 15.401 27.458
68.463 17.276 19.382
69.740 17.220 10.214
65.244 20.349 -1.011
59.460 13.611 -6.292
66.838 7.020 9.215
66.037 7.440 16.985
61.264 6.544 25.491
42.939 7.598 40.708
62.117 11.051 26.530
66.274 11.744 17.684
67.781 11.965 10.002
19.878 -136.055 7.250
55.454 -64.760 11.144
