6.181 -51.070 -66.442
-18.834 -18.792 -71.111
-18.745 0.111 -69.328
-7.607 12.413 -66.412
1.175 23.802 -61.553
14.079 34.595 -51.865
27.284 45.724 -37.685
47.717 54.725 -18.246
52.526 62.369 10.612
41.350 55.393 36.152
25.830 45.832 51.111
12.275 34.928 63.369
1.755 24.518 72.822
-6.559 10.235 77.845
-17.253 -2.401 79.555
-18.094 -21.201 79.400
15.636 -48.985 76.844
29.995 -66.090 -49.905
44.004 -71.931 -42.327
53.975 -74.613 -31.439
60.291 -73.838 -17.836
62.729 -71.753 -4.557
63.231 -72.929 26.607
59.425 -74.893 36.836
52.672 -77.798 48.443
41.478 -73.563 59.711
28.997 -65.216 68.210
59.253 -52.529 11.000
66.327 -39.729 10.838
73.216 -30.147 12.051
79.789 -20.826 11.875
61.810 -3.521 -8.768
66.634 -1.043 1.222
67.316 0.180 11.017
65.157 -0.507 21.843
60.605 -2.162 28.967
50.050 -49.658 -33.416
53.009 -51.270 -28.503
54.930 -51.906 -18.435
50.808 -49.773 -13.233
53.114 -49.151 -19.281
52.244 -48.447 -28.355
51.657 -49.969 32.562
54.717 -52.275 35.601
54.743 -51.532 44.561
48.177 -49.569 50.260
51.743 -48.626 44.312
52.458 -49.345 36.062
55.533 21.861 -15.132
66.762 14.796 -5.209
69.757 9.020 2.633
70.863 10.990 11.750
68.633 9.000 18.965
63.944 13.515 28.498
52.829 19.116 36.591
60.525 21.923 28.279
69.112 24.936 18.495
71.301 24.853 11.054
70.817 25.078 2.862
66.119 24.557 -5.682
57.641 20.315 -11.496
69.735 14.661 3.241
70.346 15.874 11.002
68.205 14.624 18.435
52.373 19.175 33.939
67.516 19.515 18.619
69.522 19.690 10.925
69.174 19.246 2.682
31.123 -135.622 6.768
62.050 -68.837 11.908
