-4.570 -14.446 -74.654
-32.906 15.054 -79.053
-30.997 31.300 -77.222
-25.614 42.539 -74.397
-12.116 57.787 -69.519
0.404 69.679 -61.866
14.576 81.120 -46.940
30.239 90.427 -28.542
42.050 97.056 0.352
28.234 90.103 31.890
12.044 80.573 49.165
-1.001 68.411 62.878
-12.613 57.836 69.679
-22.244 44.782 74.346
-30.415 31.220 78.409
-28.923 11.013 81.388
4.896 -14.896 72.075
18.000 -30.474 -58.032
26.479 -34.778 -49.903
33.073 -38.173 -40.341
40.627 -36.918 -25.500
43.274 -33.958 -15.134
43.861 -34.016 16.792
41.441 -36.551 27.972
34.648 -38.603 40.661
25.663 -36.522 52.309
19.834 -31.769 59.413
42.935 -17.789 1.824
47.361 -6.621 2.034
54.457 4.985 2.432
61.239 17.307 1.972
40.484 30.591 -15.381
44.825 32.368 -8.500
47.175 32.650 2.368
44.821 31.952 9.737
40.221 30.865 17.286
30.581 -14.896 -40.907
34.969 -17.173 -36.703
35.420 -16.882 -26.073
33.025 -11.839 -20.851
34.803 -11.001 -27.520
32.553 -11.973 -38.402
33.110 -11.906 24.192
35.525 -17.573 29.846
35.282 -16.842 40.969
29.414 -14.775 45.535
33.416 -12.410 41.140
34.700 -11.152 29.364
33.920 55.322 -24.529
48.329 45.595 -13.987
50.541 40.915 -5.656
51.904 42.230 0.725
50.658 40.630 9.306
47.780 46.090 17.412
34.507 55.248 28.308
43.290 57.777 17.816
49.435 59.842 9.404
50.600 59.920 2.168
49.639 60.031 -6.935
46.105 57.999 -14.593
39.058 54.209 -20.379
50.104 47.662 -6.287
50.144 47.576 1.457
50.387 47.647 9.363
33.786 55.375 25.600
48.546 53.502 8.850
49.811 54.075 2.255
48.877 53.797 -6.815
19.399 -91.144 2.080
43.624 -28.551 1.806
