-2.370 -24.551 -74.052
-27.213 2.629 -79.725
-27.219 20.875 -77.462
-22.974 33.517 -74.031
-12.046 50.169 -67.933
-1.428 62.962 -59.431
15.007 73.453 -42.584
29.375 83.763 -22.404
37.172 88.326 4.572
28.593 82.298 30.690
15.385 74.033 44.487
0.303 65.166 58.023
-15.594 51.204 68.757
-26.239 35.208 73.907
-30.742 20.144 78.004
-29.963 1.490 80.816
2.794 -24.768 72.088
18.923 -39.870 -57.495
26.041 -45.112 -49.242
33.437 -49.501 -38.022
40.608 -48.817 -24.457
44.803 -44.759 -10.967
44.305 -40.679 15.207
40.627 -45.275 27.506
34.753 -47.386 38.574
24.601 -45.467 52.424
18.075 -43.746 58.647
42.915 -26.631 4.772
48.169 -14.713 4.040
54.411 -4.565 4.351
60.631 6.253 4.890
40.164 19.785 -13.599
45.957 21.592 -4.277
46.640 22.024 4.267
43.594 21.125 13.360
38.382 19.166 20.872
31.244 -22.834 -41.374
35.352 -25.142 -35.005
35.194 -24.598 -25.669
34.145 -22.462 -16.569
34.805 -21.850 -26.722
34.174 -21.879 -36.162
33.638 -22.126 22.815
35.923 -24.152 30.664
36.136 -23.563 39.341
30.291 -22.944 48.187
33.223 -22.229 40.872
35.163 -22.572 31.854
35.541 45.990 -23.573
47.828 34.190 -11.760
50.669 29.430 -1.925
51.933 31.234 5.032
50.833 29.483 9.454
45.762 33.680 21.023
33.150 43.162 32.474
43.607 46.190 20.892
50.072 47.894 9.742
50.733 47.823 4.102
50.514 48.158 -1.047
46.566 46.324 -11.981
36.201 44.217 -20.407
50.358 36.229 -1.926
50.613 36.054 4.427
49.957 35.884 9.502
32.444 42.586 28.236
49.788 40.954 9.550
49.887 41.345 4.470
49.241 41.032 -1.259
23.017 -96.539 4.910
43.877 -36.241 4.360
