5.541 -19.610 -65.138
-30.573 3.247 -72.805
-32.352 22.306 -68.042
-27.286 35.884 -62.639
-19.706 49.911 -53.787
-7.506 61.275 -41.194
3.830 70.667 -27.944
15.586 78.250 -15.817
17.841 84.828 8.526
12.912 77.474 34.083
2.449 69.867 46.284
-3.850 59.574 56.176
-12.232 48.062 66.663
-21.944 35.383 74.833
-29.090 21.116 80.471
-29.583 4.662 84.087
8.974 -20.951 75.549
22.330 -36.685 -54.859
31.613 -42.183 -47.453
40.057 -45.435 -35.973
45.307 -43.382 -22.486
46.589 -39.403 -12.602
46.353 -38.804 18.994
45.485 -44.295 30.757
40.507 -45.600 44.398
33.262 -42.166 55.825
26.819 -36.778 62.072
42.480 -21.926 5.035
45.926 -9.471 5.735
52.622 2.607 5.376
58.234 14.368 5.436
34.847 24.078 -11.255
38.766 26.730 -5.207
45.298 27.333 6.550
39.694 27.165 16.887
36.069 25.804 22.308
29.386 -21.891 -38.692
38.035 -23.041 -33.854
38.205 -21.573 -23.852
32.642 -18.444 -17.235
34.900 -18.079 -23.307
32.708 -19.160 -34.314
32.102 -18.980 27.194
38.732 -22.674 33.143
35.037 -22.339 42.894
30.978 -21.647 47.179
34.690 -18.955 43.639
34.324 -17.666 33.949
36.827 44.166 -14.095
47.716 35.735 -6.364
51.930 33.228 1.317
53.573 34.148 7.414
51.792 32.734 13.475
48.944 35.420 20.278
40.061 45.387 25.997
42.739 49.932 20.563
46.261 51.889 13.022
47.157 52.326 7.561
46.609 51.947 1.456
43.315 50.307 -5.682
38.052 43.685 -11.626
48.572 39.027 1.479
51.164 39.259 7.744
49.426 39.402 12.523
41.709 43.758 23.101
46.783 42.303 13.272
47.166 42.606 7.169
47.217 42.393 1.584
41.582 -82.989 5.139
46.377 -34.868 5.874
