10.872 -42.493 -67.456
-14.859 -16.425 -70.508
-14.521 1.116 -68.682
-8.143 13.782 -65.501
2.732 25.933 -60.219
14.130 34.923 -52.310
27.729 45.270 -38.968
43.217 52.550 -23.044
59.206 59.899 13.641
40.896 52.059 41.525
26.490 43.950 54.758
13.297 34.735 65.833
2.498 23.679 73.991
-6.084 12.328 77.556
-11.772 -3.872 79.404
-11.540 -20.966 79.962
20.133 -45.259 76.718
38.161 -65.397 -48.641
53.846 -71.757 -38.039
60.442 -71.524 -27.555
64.193 -70.406 -16.221
64.223 -65.909 -5.361
63.769 -66.663 23.714
63.412 -70.886 35.703
60.227 -73.082 44.560
50.120 -74.237 55.863
39.620 -69.221 63.471
62.883 -46.919 11.168
69.072 -37.279 11.006
76.800 -26.321 11.883
81.920 -17.826 11.818
63.312 -1.121 -7.348
67.584 0.935 1.319
68.864 1.986 12.288
67.465 1.081 20.078
61.541 -1.042 29.572
48.930 -43.475 -36.912
56.704 -45.315 -27.804
56.328 -46.015 -18.581
54.411 -46.684 -12.324
54.564 -44.680 -20.118
53.672 -43.066 -28.853
54.299 -45.804 27.585
56.548 -45.853 35.592
55.945 -44.795 44.114
48.781 -44.401 54.268
53.915 -43.025 44.702
54.708 -44.313 36.190
56.082 23.417 -14.621
68.927 16.564 -3.252
71.854 13.295 5.953
72.272 13.159 12.087
70.167 12.346 19.763
66.395 16.156 27.020
54.932 20.366 36.546
63.800 25.957 26.504
69.644 28.039 19.256
72.145 27.505 12.311
72.220 27.696 5.180
68.997 26.996 -2.918
57.386 22.610 -11.674
71.108 17.090 5.505
71.108 18.160 12.793
68.446 18.121 19.445
54.366 21.162 32.954
68.122 21.944 19.127
69.988 21.764 12.054
70.118 21.893 4.941
41.199 -129.521 8.849
63.451 -60.302 8.798
