-46.644 60.349 913.972
-34.151 64.983 945.594
-13.593 62.288 948.913
3.940 59.329 944.901
21.387 54.793 941.580
34.039 47.565 932.108
46.707 35.963 922.882
59.229 18.531 913.651
66.058 -8.413 908.296
60.258 -36.863 920.450
48.081 -51.880 930.280
35.371 -63.494 937.775
23.200 -70.992 945.538
7.535 -76.062 949.431
-6.566 -79.118 951.101
-27.552 -83.329 948.841
-45.632 -82.501 922.644
-60.391 41.985 886.262
-63.227 33.710 879.116
-60.694 22.564 874.004
-57.773 12.373 872.003
-53.156 3.812 871.865
-52.239 -24.565 870.907
-57.019 -35.610 872.068
-60.493 -46.500 874.472
-61.731 -57.968 879.971
-58.560 -68.197 891.578
-35.243 -12.597 874.772
-23.531 -12.587 873.208
-9.591 -11.232 868.153
2.929 -11.907 864.781
6.976 4.954 887.118
11.022 -1.791 882.736
13.720 -10.559 881.998
11.838 -18.954 882.160
9.139 -26.192 887.339
-40.461 28.560 881.502
-41.586 25.188 880.601
-39.971 15.071 877.455
-38.570 11.024 882.851
-36.864 15.745 881.214
-38.213 25.862 881.898
-36.190 -31.467 883.049
-39.562 -38.211 879.038
-39.562 -47.654 880.559
-40.237 -51.302 886.223
-36.864 -46.658 882.176
-35.515 -37.874 882.176
24.512 9.675 887.825
20.465 4.280 881.822
19.116 -3.139 878.449
19.790 -10.559 877.137
19.116 -16.629 878.492
21.139 -26.746 883.049
24.512 -31.467 889.135
31.256 -26.746 884.416
34.216 -16.629 879.478
34.370 -9.883 878.874
34.132 -2.927 880.453
30.291 4.278 883.209
25.186 7.652 887.127
23.837 -3.139 880.068
23.837 -9.884 877.688
23.837 -16.629 879.328
24.638 -29.443 888.246
28.640 -16.622 879.046
28.558 -10.559 877.932
27.712 -3.818 879.185
-115.078 -15.189 876.062
-46.981 -12.879 870.378
