9.983 -26.867 -67.521
-21.337 6.285 -75.595
-21.654 22.795 -71.435
-15.526 30.891 -67.113
-11.134 39.950 -62.666
-2.100 50.731 -54.113
13.044 62.372 -38.886
27.148 72.178 -20.317
38.500 77.515 9.830
26.376 70.375 38.939
13.391 60.728 52.721
2.493 50.640 62.840
-6.472 38.267 70.542
-16.352 26.340 75.834
-23.132 14.549 79.291
-22.829 -5.258 80.915
9.724 -29.441 70.416
21.791 -40.429 -58.814
30.179 -47.633 -51.203
38.221 -51.912 -39.158
43.114 -51.889 -25.723
44.457 -48.594 -15.608
42.967 -46.408 17.047
42.286 -49.477 25.240
38.597 -49.817 34.712
33.545 -48.664 45.213
27.645 -45.279 53.563
42.757 -30.788 4.848
47.809 -20.863 5.508
56.915 -8.907 6.396
63.721 1.738 7.465
41.834 16.508 -9.259
48.394 17.198 -0.692
49.947 18.024 7.825
48.703 16.826 15.423
41.793 15.697 22.151
32.136 -27.733 -40.543
38.098 -29.491 -35.817
39.229 -29.313 -25.548
33.335 -26.786 -20.354
36.629 -24.850 -25.330
35.893 -24.936 -36.194
36.816 -27.014 22.223
35.797 -27.472 28.107
36.159 -28.396 37.387
34.797 -27.648 43.577
36.291 -26.722 38.564
35.903 -26.888 28.165
39.930 40.520 -15.730
49.098 31.547 -7.127
54.399 26.984 3.477
55.000 28.139 9.587
53.972 26.605 14.178
47.189 30.508 24.571
37.305 36.446 32.771
43.728 42.939 25.577
50.134 46.352 15.408
51.495 46.927 9.431
51.234 47.180 4.110
46.391 44.297 -7.649
41.660 38.690 -11.016
51.309 33.305 3.695
52.824 33.170 9.338
51.403 32.844 14.213
38.592 35.976 29.207
49.621 36.773 14.155
50.891 37.602 9.505
50.600 36.948 4.111
31.336 -92.571 1.076
44.267 -44.638 4.262
