-7.775 -44.468 -74.802
-33.929 -17.797 -78.492
-36.071 3.047 -74.678
-32.460 13.429 -72.285
-26.127 23.920 -69.647
-18.367 38.416 -63.419
-2.984 47.563 -54.580
17.937 59.183 -36.374
42.285 67.043 5.497
23.667 59.011 37.784
3.718 46.459 54.259
-11.970 34.607 66.159
-26.195 23.158 71.649
-34.202 7.749 73.598
-38.186 -4.590 74.848
-38.151 -22.418 76.950
0.613 -45.785 69.620
24.944 -59.676 -57.196
28.036 -64.353 -53.085
38.718 -69.544 -40.636
45.236 -68.071 -26.101
45.914 -64.001 -12.867
44.823 -65.139 10.631
43.440 -68.617 24.072
38.442 -69.360 36.143
32.625 -65.422 47.513
22.635 -61.811 56.932
41.037 -46.566 0.094
47.414 -35.305 0.587
54.261 -25.745 0.352
62.802 -12.567 0.467
42.418 2.679 -17.349
48.899 4.423 -7.276
49.736 5.040 1.103
49.323 4.405 9.904
44.528 2.696 18.168
28.500 -44.167 -40.708
35.375 -44.871 -36.656
35.635 -46.059 -26.829
32.884 -44.005 -18.783
33.928 -43.695 -27.013
32.891 -42.906 -36.064
32.387 -44.200 22.243
35.198 -46.024 26.600
34.234 -45.908 35.130
30.736 -44.368 42.060
32.703 -41.542 36.140
32.914 -41.374 25.594
37.792 29.765 -21.802
49.930 18.823 -14.116
55.058 14.427 -4.973
56.450 16.860 3.017
54.969 13.999 8.904
49.184 18.669 19.520
37.702 27.204 28.306
42.505 32.505 21.028
48.767 33.564 9.655
49.533 33.555 2.550
49.385 33.155 -4.769
44.063 33.184 -15.037
38.603 28.862 -18.723
51.019 22.064 -5.235
53.342 21.754 2.753
51.180 21.560 9.287
36.767 26.873 25.185
46.412 25.021 9.526
47.543 25.452 1.990
47.518 26.050 -4.848
27.536 -119.851 -0.419
43.401 -60.076 0.271
