4.695 -27.149 -66.324
-15.322 1.205 -69.962
-13.517 20.759 -66.120
-5.504 33.907 -62.626
3.266 48.015 -57.955
15.872 60.034 -49.727
25.478 69.542 -39.593
40.759 77.319 -19.801
45.088 85.723 7.023
36.013 78.273 35.365
22.489 71.355 48.620
10.134 61.689 59.404
-1.356 48.970 68.044
-13.127 33.841 73.062
-18.713 20.929 75.273
-20.709 1.198 78.299
0.494 -27.644 75.164
26.812 -50.141 -48.856
33.205 -53.748 -40.965
39.545 -54.949 -28.068
42.780 -53.145 -16.267
43.990 -49.058 -8.424
43.516 -48.815 20.485
41.554 -53.214 28.913
37.029 -54.351 41.541
31.896 -53.433 51.218
24.743 -47.164 60.722
45.582 -29.252 7.603
51.427 -16.883 7.723
61.532 -3.106 8.779
68.533 8.836 9.280
49.777 21.819 -7.471
54.462 22.723 0.207
55.633 24.602 9.065
54.257 23.402 17.655
49.470 21.632 23.770
38.932 -27.329 -32.453
41.416 -30.271 -29.568
40.878 -29.329 -19.476
37.243 -25.724 -14.457
39.592 -24.797 -19.702
39.309 -25.562 -29.407
39.186 -26.387 25.902
40.877 -28.350 33.083
40.973 -28.061 40.891
36.982 -26.846 47.321
40.243 -27.010 42.000
40.560 -26.720 33.839
46.492 41.010 -11.223
54.564 36.639 -5.655
58.745 32.915 1.700
60.198 34.137 8.951
58.452 33.990 15.472
52.394 36.334 25.062
43.465 41.137 31.043
51.323 47.625 25.015
57.093 51.201 14.906
57.558 51.286 8.376
56.138 50.770 0.445
52.989 45.919 -5.645
46.873 42.309 -9.852
57.336 38.838 0.889
58.392 39.432 9.154
56.406 39.682 15.638
44.392 41.869 27.841
54.239 44.451 15.153
55.056 43.857 8.432
54.581 43.974 0.797
24.454 -97.827 7.977
45.392 -43.668 8.371
