-13.224 -25.158 -76.973
-33.934 0.952 -79.522
-34.458 19.110 -78.002
-26.982 33.897 -74.458
-18.691 47.056 -70.073
-4.115 60.204 -60.955
8.204 71.461 -46.414
26.166 80.319 -26.383
36.443 85.020 3.101
20.483 80.537 31.525
2.912 72.325 47.816
-11.471 60.368 61.709
-20.381 48.528 68.572
-24.545 36.197 72.740
-30.426 20.110 77.633
-30.202 1.069 80.884
-2.706 -23.139 75.051
20.038 -39.989 -55.279
27.991 -43.450 -46.954
35.513 -46.012 -33.918
42.601 -43.371 -21.736
46.561 -40.547 -9.729
44.779 -41.056 19.164
40.335 -43.710 29.631
34.314 -44.795 41.061
24.859 -44.410 52.343
18.389 -40.205 59.586
42.697 -27.457 3.444
44.724 -16.387 2.811
51.148 -4.822 3.154
57.907 6.487 2.987
36.761 20.182 -16.457
42.060 22.467 -8.163
43.639 23.011 2.412
42.213 22.752 10.059
36.010 20.542 18.789
29.942 -24.511 -39.541
35.413 -26.130 -34.209
33.924 -25.737 -24.702
31.942 -22.515 -18.712
33.007 -22.246 -24.805
33.409 -22.937 -34.832
30.713 -22.452 26.682
35.369 -26.545 31.486
35.086 -26.238 40.861
30.756 -25.190 46.854
31.889 -22.343 41.767
31.860 -21.946 31.239
33.123 42.613 -25.254
45.512 33.654 -14.437
47.999 30.346 -6.032
49.513 31.293 1.527
48.376 30.042 7.870
45.269 33.950 17.748
33.839 42.950 27.425
41.196 43.838 18.774
48.077 44.667 7.525
48.568 44.923 1.870
47.408 44.805 -6.337
42.928 43.925 -15.826
36.212 42.001 -22.118
48.032 35.704 -6.060
48.317 35.655 1.676
47.930 36.368 8.369
35.435 42.341 24.402
47.094 39.569 8.393
46.769 39.299 1.309
46.264 39.099 -5.105
25.983 -94.729 4.050
45.631 -36.964 3.555
