5.807 -28.161 -62.967
-24.429 3.924 -72.271
-24.006 19.803 -69.580
-18.600 32.768 -65.392
-6.993 44.467 -58.228
6.662 55.642 -47.868
17.171 63.846 -37.378
30.082 71.362 -24.437
38.655 78.033 0.407
27.768 71.404 32.731
15.092 63.454 48.344
4.140 56.309 58.697
-5.299 48.047 66.791
-13.422 38.354 73.135
-17.047 25.974 78.306
-17.779 11.292 82.308
7.751 -24.715 77.042
23.418 -46.920 -48.913
30.917 -50.235 -39.246
36.702 -53.024 -29.317
40.332 -50.848 -19.739
42.138 -47.674 -10.461
42.401 -47.166 19.573
41.627 -51.846 31.723
37.946 -50.611 43.910
32.168 -46.665 55.024
25.540 -39.704 62.656
42.170 -29.612 6.315
47.552 -20.516 4.541
56.166 -9.398 4.236
63.181 0.957 3.675
40.198 14.319 -13.350
46.147 16.464 -6.076
49.621 18.341 3.801
46.931 17.751 13.097
40.522 16.277 21.922
31.606 -26.950 -42.247
37.278 -27.471 -32.763
36.656 -27.275 -23.097
36.265 -26.892 -14.721
36.505 -26.668 -23.718
36.109 -26.398 -33.038
33.373 -25.676 27.193
38.123 -29.933 34.515
39.171 -28.800 40.965
32.766 -26.499 48.102
35.288 -25.197 40.343
34.817 -26.072 33.190
38.838 37.634 -20.240
48.861 29.859 -11.020
53.913 26.745 -1.947
55.215 28.016 2.788
54.434 27.416 8.237
49.094 30.832 18.089
39.314 39.165 24.035
47.121 46.153 15.720
50.740 47.331 7.539
51.688 46.989 2.651
51.361 46.837 -3.085
46.951 45.005 -12.794
39.623 37.416 -18.118
50.688 33.042 -2.169
53.109 33.030 2.968
51.619 33.394 8.360
39.913 39.209 22.176
49.453 38.874 7.798
49.755 38.153 3.031
49.594 37.355 -2.329
25.026 -98.914 7.926
42.501 -40.660 6.142
