-2.730 -24.199 -70.954
-33.358 -1.125 -78.012
-30.519 15.380 -77.907
-25.152 30.219 -75.407
-14.782 45.317 -71.670
-6.260 58.042 -66.145
9.595 72.738 -51.406
24.501 80.849 -36.250
44.345 85.581 -0.997
28.885 81.026 28.708
11.119 73.384 47.527
-3.612 62.469 61.670
-15.126 50.729 69.055
-24.594 40.230 73.359
-31.456 26.879 78.243
-31.112 6.925 82.178
-0.991 -21.491 76.950
18.734 -41.529 -52.656
26.847 -44.616 -44.044
34.590 -44.706 -33.604
40.591 -42.703 -21.394
43.825 -40.160 -10.299
43.266 -50.193 18.907
38.754 -53.165 31.563
31.542 -52.919 44.736
22.384 -49.331 56.127
15.460 -42.510 64.125
42.881 -24.732 2.689
48.545 -11.658 2.279
55.473 -1.535 1.918
60.879 10.281 0.675
39.435 20.405 -15.714
45.082 22.280 -7.961
46.843 23.531 0.126
44.914 22.744 8.519
39.323 21.672 17.142
27.337 -21.932 -46.061
36.045 -22.476 -35.673
35.829 -22.703 -22.247
34.493 -20.266 -16.089
36.142 -21.780 -24.123
34.605 -22.634 -37.757
33.618 -20.714 25.782
35.116 -23.859 32.854
33.522 -24.009 41.188
29.856 -21.415 45.674
35.194 -20.145 39.915
36.065 -20.501 32.039
34.166 45.095 -29.187
46.840 35.366 -17.131
50.664 30.535 -6.001
52.313 33.566 -0.810
51.401 31.143 4.458
48.752 36.513 14.068
36.652 46.665 25.256
44.578 49.552 14.486
50.195 50.235 4.840
50.630 50.626 -0.993
50.119 50.362 -6.149
45.941 48.037 -17.116
33.688 44.788 -26.380
48.978 39.577 -6.136
49.547 39.589 -1.655
50.471 39.588 4.541
37.400 46.818 22.037
48.424 43.636 5.142
48.658 43.976 -0.605
48.277 43.593 -6.891
20.143 -96.837 3.196
42.815 -36.821 2.480
