-2.106 -22.544 -66.458
-20.433 -0.275 -67.707
-22.037 18.893 -64.748
-14.185 33.679 -61.912
-1.425 45.967 -58.439
10.276 58.628 -51.377
23.331 72.315 -37.023
35.049 79.397 -22.690
44.480 86.611 6.270
36.780 79.949 32.618
24.240 71.656 47.287
11.680 60.172 60.758
-0.538 50.045 68.627
-11.827 37.222 73.447
-20.475 21.340 77.114
-20.549 3.317 80.527
5.209 -21.060 77.752
29.461 -44.425 -45.950
35.349 -49.692 -37.734
40.406 -51.724 -26.039
44.120 -49.576 -12.935
45.261 -44.199 -5.810
45.429 -43.580 21.962
44.904 -49.448 29.022
41.006 -51.389 41.301
34.951 -48.635 54.711
24.910 -43.533 64.396
46.388 -25.942 8.678
52.165 -12.982 8.898
60.328 -0.930 8.877
67.609 10.457 9.031
48.274 24.945 -7.853
53.835 27.606 0.523
54.779 28.808 8.308
53.886 28.049 16.682
49.182 25.845 23.283
35.812 -21.525 -34.762
40.137 -21.045 -27.358
41.492 -21.808 -18.314
39.612 -21.891 -11.791
40.505 -20.346 -19.566
39.554 -19.906 -28.625
39.934 -21.547 26.493
40.138 -21.278 34.931
40.696 -21.823 43.344
37.251 -20.988 48.710
39.414 -20.573 43.912
39.716 -20.643 35.598
43.277 43.992 -14.561
52.543 38.113 -7.704
57.401 36.047 1.251
58.788 37.707 8.483
57.586 36.703 14.150
51.814 39.224 24.357
44.317 43.304 30.828
49.883 52.805 23.883
55.718 54.828 14.023
56.355 55.013 8.103
54.997 54.583 0.517
50.873 51.295 -7.653
44.520 44.294 -11.335
56.092 41.764 0.730
57.657 42.524 7.852
56.052 42.655 13.700
44.229 45.880 26.890
53.169 46.982 13.822
54.039 46.763 8.010
53.974 47.019 0.922
26.362 -98.109 8.524
46.836 -39.588 9.782
