2.803 -47.243 -62.782
-27.572 -23.051 -67.584
-26.309 -0.443 -65.990
-17.268 12.705 -64.765
-7.577 28.084 -60.774
6.840 37.196 -53.808
20.999 48.750 -40.440
41.966 55.807 -25.465
60.101 61.861 4.453
44.684 55.318 33.386
28.046 47.884 50.789
15.069 35.915 66.885
5.871 25.007 74.649
-1.717 10.168 78.748
-12.375 1.352 79.781
-13.644 -21.042 82.354
18.795 -45.351 76.837
36.235 -64.599 -45.652
42.455 -69.795 -38.879
50.039 -70.143 -29.171
53.573 -67.450 -21.302
54.690 -63.690 -9.714
55.660 -61.516 19.730
56.669 -67.558 30.935
55.161 -70.259 41.569
47.347 -71.797 53.710
40.948 -66.182 60.842
59.475 -47.742 6.423
64.799 -38.404 6.732
72.098 -29.566 6.308
77.469 -20.422 7.202
55.300 -8.553 -12.399
60.064 -6.505 -3.715
62.855 -3.910 5.427
63.134 -5.222 15.420
58.628 -6.737 25.425
49.009 -47.322 -36.081
52.503 -48.482 -27.934
51.794 -48.466 -18.652
49.627 -46.468 -12.907
50.788 -47.021 -19.340
51.583 -47.504 -28.633
50.711 -48.264 30.645
50.395 -49.067 34.195
51.197 -47.798 40.665
50.789 -47.887 44.231
51.121 -47.093 41.053
50.869 -46.959 34.471
43.827 12.732 -22.923
57.215 5.719 -13.798
61.972 3.468 -5.358
64.713 4.099 2.694
65.842 4.426 9.951
64.969 9.349 21.470
56.393 16.077 29.442
63.059 19.091 19.387
67.598 19.430 10.057
68.460 21.064 1.842
67.198 21.001 -4.520
57.252 18.641 -16.270
44.488 12.942 -17.455
62.149 9.062 -4.260
65.031 9.990 2.207
65.513 10.805 10.816
59.082 16.207 24.338
65.656 14.600 9.487
65.724 15.272 2.359
63.825 15.023 -4.004
26.976 -132.012 6.898
59.886 -60.652 6.848
