-5.195 -29.602 -72.325
-27.170 7.484 -77.125
-27.726 24.253 -73.472
-18.920 36.759 -67.560
-7.015 47.608 -61.178
6.072 56.347 -51.809
16.076 67.877 -38.656
32.785 75.492 -20.581
40.041 80.689 3.651
32.141 75.123 30.367
18.776 66.957 44.867
5.784 56.744 58.047
-5.081 47.108 66.043
-15.008 36.997 71.484
-23.548 24.618 76.422
-23.212 3.634 79.587
-0.953 -27.293 74.315
16.729 -43.573 -57.617
25.448 -51.977 -48.103
31.403 -56.660 -37.093
37.128 -54.040 -23.238
38.892 -50.208 -10.685
38.227 -49.773 16.472
35.345 -53.779 29.272
29.045 -56.259 41.996
18.284 -49.435 57.234
6.749 -41.636 67.144
38.341 -32.586 2.464
45.669 -18.952 3.232
54.470 -8.678 2.804
61.003 0.648 3.607
37.664 13.605 -15.148
44.270 14.914 -5.970
46.422 15.541 3.801
44.441 15.317 12.888
38.823 13.915 19.722
27.198 -28.510 -41.416
33.218 -30.865 -37.748
33.921 -30.803 -26.146
29.434 -26.982 -20.129
31.573 -26.323 -26.512
29.292 -27.629 -37.669
28.495 -26.883 23.897
31.867 -30.719 29.264
33.373 -30.942 41.514
27.704 -29.190 45.477
31.363 -27.255 41.023
30.663 -26.289 29.442
36.104 39.157 -21.156
44.510 27.697 -12.368
50.004 23.900 -1.760
51.105 24.547 5.041
49.769 23.781 11.269
42.701 27.217 22.791
33.717 37.330 29.902
40.752 46.214 22.525
47.122 50.137 10.373
48.190 50.046 3.805
47.037 49.859 -2.621
42.316 46.304 -12.286
33.811 38.118 -18.473
47.963 28.461 -2.302
49.193 29.149 3.993
47.890 28.187 11.096
29.430 36.824 25.953
45.430 41.642 10.520
45.569 41.248 3.782
45.518 41.222 -2.775
20.218 -96.833 1.919
39.509 -47.426 3.317
